<?xml version="1.0" encoding="utf-8"?>
<COLLADA xmlns="http://www.collada.org/2005/11/COLLADASchema" version="1.4.1">
  <asset><contributor><author></author><authoring_tool>FBX COLLADA exporter</authoring_tool><comments></comments></contributor><created>2017-06-13T03:53:30Z</created><keywords></keywords><modified>2017-06-13T03:53:30Z</modified><revision></revision><subject></subject><title></title><unit meter="0.304800" name="centimeter"></unit><up_axis>Y_UP</up_axis></asset>
  <library_animations>
    <animation id="ROOT-anim" name="ROOT"><animation><source id="ROOT-Matrix-animation-input"><float_array id="ROOT-Matrix-animation-input-array" count="38">

0.041667 0.083333 0.125000 0.166667 0.208333 0.250000 0.291667 0.333333 0.375000 0.416667 0.458333 0.500000 0.541667 0.583333 0.625000 0.666667
0.708333 0.750000 0.791667 0.833333 0.875000 0.916667 0.958333 1.000000 1.041667 1.083333 1.125000 1.166667 1.208333 1.250000 1.291667 1.333333
1.375000 1.416667 1.458333 1.500000 1.541667 1.583333</float_array><technique_common><accessor source="#ROOT-Matrix-animation-input-array" count="38"><param name="TIME" type="float"/></accessor></technique_common></source><source id="ROOT-Matrix-animation-output-transform"><float_array id="ROOT-Matrix-animation-output-transform-array" count="608">

0.032808 0.000000 0.000000 0.000000 0.000000 0.032808 0.000000 0.000000 0.000000 0.000000 0.032808 0.000000 0.000000 0.000000 0.000000 1.000000
0.032808 0.000000 0.000000 0.000000 0.000000 0.032808 0.000000 0.000000 0.000000 0.000000 0.032808 0.000000 0.000000 0.000000 0.000000 1.000000
0.032808 0.000000 0.000000 0.000000 0.000000 0.032808 0.000000 0.000000 0.000000 0.000000 0.032808 0.000000 0.000000 0.000000 0.000000 1.000000
0.032808 0.000000 0.000000 0.000000 0.000000 0.032808 0.000000 0.000000 0.000000 0.000000 0.032808 0.000000 0.000000 0.000000 0.000000 1.000000
0.032808 0.000000 0.000000 0.000000 0.000000 0.032808 0.000000 0.000000 0.000000 0.000000 0.032808 0.000000 0.000000 0.000000 0.000000 1.000000
0.032808 0.000000 0.000000 0.000000 0.000000 0.032808 0.000000 0.000000 0.000000 0.000000 0.032808 0.000000 0.000000 0.000000 0.000000 1.000000
0.032808 0.000000 0.000000 0.000000 0.000000 0.032808 0.000000 0.000000 0.000000 0.000000 0.032808 0.000000 0.000000 0.000000 0.000000 1.000000
0.032808 0.000000 0.000000 0.000000 0.000000 0.032808 0.000000 0.000000 0.000000 0.000000 0.032808 0.000000 0.000000 0.000000 0.000000 1.000000
0.032808 0.000000 0.000000 0.000000 0.000000 0.032808 0.000000 0.000000 0.000000 0.000000 0.032808 0.000000 0.000000 0.000000 0.000000 1.000000
0.032808 0.000000 0.000000 0.000000 0.000000 0.032808 0.000000 0.000000 0.000000 0.000000 0.032808 0.000000 0.000000 0.000000 0.000000 1.000000
0.032808 0.000000 0.000000 0.000000 0.000000 0.032808 0.000000 0.000000 0.000000 0.000000 0.032808 0.000000 0.000000 0.000000 0.000000 1.000000
0.032808 0.000000 0.000000 0.000000 0.000000 0.032808 0.000000 0.000000 0.000000 0.000000 0.032808 0.000000 0.000000 0.000000 0.000000 1.000000
0.032808 0.000000 0.000000 0.000000 0.000000 0.032808 0.000000 0.000000 0.000000 0.000000 0.032808 0.000000 0.000000 0.000000 0.000000 1.000000
0.032808 0.000000 0.000000 0.000000 0.000000 0.032808 0.000000 0.000000 0.000000 0.000000 0.032808 0.000000 0.000000 0.000000 0.000000 1.000000
0.032808 0.000000 0.000000 0.000000 0.000000 0.032808 0.000000 0.000000 0.000000 0.000000 0.032808 0.000000 0.000000 0.000000 0.000000 1.000000
0.032808 0.000000 0.000000 0.000000 0.000000 0.032808 0.000000 0.000000 0.000000 0.000000 0.032808 0.000000 0.000000 0.000000 0.000000 1.000000
0.032808 0.000000 0.000000 0.000000 0.000000 0.032808 0.000000 0.000000 0.000000 0.000000 0.032808 0.000000 0.000000 0.000000 0.000000 1.000000
0.032808 0.000000 0.000000 0.000000 0.000000 0.032808 0.000000 0.000000 0.000000 0.000000 0.032808 0.000000 0.000000 0.000000 0.000000 1.000000
0.032808 0.000000 0.000000 0.000000 0.000000 0.032808 0.000000 0.000000 0.000000 0.000000 0.032808 0.000000 0.000000 0.000000 0.000000 1.000000
0.032808 0.000000 0.000000 0.000000 0.000000 0.032808 0.000000 0.000000 0.000000 0.000000 0.032808 0.000000 0.000000 0.000000 0.000000 1.000000
0.032808 0.000000 0.000000 0.000000 0.000000 0.032808 0.000000 0.000000 0.000000 0.000000 0.032808 0.000000 0.000000 0.000000 0.000000 1.000000
0.032808 0.000000 0.000000 0.000000 0.000000 0.032808 0.000000 0.000000 0.000000 0.000000 0.032808 0.000000 0.000000 0.000000 0.000000 1.000000
0.032808 0.000000 0.000000 0.000000 0.000000 0.032808 0.000000 0.000000 0.000000 0.000000 0.032808 0.000000 0.000000 0.000000 0.000000 1.000000
0.032808 0.000000 0.000000 0.000000 0.000000 0.032808 0.000000 0.000000 0.000000 0.000000 0.032808 0.000000 0.000000 0.000000 0.000000 1.000000
0.032808 0.000000 0.000000 0.000000 0.000000 0.032808 0.000000 0.000000 0.000000 0.000000 0.032808 0.000000 0.000000 0.000000 0.000000 1.000000
0.032808 0.000000 0.000000 0.000000 0.000000 0.032808 0.000000 0.000000 0.000000 0.000000 0.032808 0.000000 0.000000 0.000000 0.000000 1.000000
0.032808 0.000000 0.000000 0.000000 0.000000 0.032808 0.000000 0.000000 0.000000 0.000000 0.032808 0.000000 0.000000 0.000000 0.000000 1.000000
0.032808 0.000000 0.000000 0.000000 0.000000 0.032808 0.000000 0.000000 0.000000 0.000000 0.032808 0.000000 0.000000 0.000000 0.000000 1.000000
0.032808 0.000000 0.000000 0.000000 0.000000 0.032808 0.000000 0.000000 0.000000 0.000000 0.032808 0.000000 0.000000 0.000000 0.000000 1.000000
0.032808 0.000000 0.000000 0.000000 0.000000 0.032808 0.000000 0.000000 0.000000 0.000000 0.032808 0.000000 0.000000 0.000000 0.000000 1.000000
0.032808 0.000000 0.000000 0.000000 0.000000 0.032808 0.000000 0.000000 0.000000 0.000000 0.032808 0.000000 0.000000 0.000000 0.000000 1.000000
0.032808 0.000000 0.000000 0.000000 0.000000 0.032808 0.000000 0.000000 0.000000 0.000000 0.032808 0.000000 0.000000 0.000000 0.000000 1.000000
0.032808 0.000000 0.000000 0.000000 0.000000 0.032808 0.000000 0.000000 0.000000 0.000000 0.032808 0.000000 0.000000 0.000000 0.000000 1.000000
0.032808 0.000000 0.000000 0.000000 0.000000 0.032808 0.000000 0.000000 0.000000 0.000000 0.032808 0.000000 0.000000 0.000000 0.000000 1.000000
0.032808 0.000000 0.000000 0.000000 0.000000 0.032808 0.000000 0.000000 0.000000 0.000000 0.032808 0.000000 0.000000 0.000000 0.000000 1.000000
0.032808 0.000000 0.000000 0.000000 0.000000 0.032808 0.000000 0.000000 0.000000 0.000000 0.032808 0.000000 0.000000 0.000000 0.000000 1.000000
0.032808 0.000000 0.000000 0.000000 0.000000 0.032808 0.000000 0.000000 0.000000 0.000000 0.032808 0.000000 0.000000 0.000000 0.000000 1.000000
0.032808 0.000000 0.000000 0.000000 0.000000 0.032808 0.000000 0.000000 0.000000 0.000000 0.032808 0.000000 0.000000 0.000000 0.000000 1.000000</float_array><technique_common><accessor source="#ROOT-Matrix-animation-output-transform-array" count="38" stride="16"><param type="float4x4"/></accessor></technique_common></source><source id="ROOT-Interpolations"><Name_array id="ROOT-Interpolations-array" count="38">
 LINEAR LINEAR LINEAR LINEAR LINEAR LINEAR LINEAR LINEAR LINEAR LINEAR LINEAR
LINEAR LINEAR LINEAR LINEAR LINEAR LINEAR LINEAR LINEAR LINEAR LINEAR LINEAR LINEAR
LINEAR LINEAR LINEAR LINEAR LINEAR LINEAR LINEAR LINEAR LINEAR LINEAR LINEAR LINEAR
LINEAR LINEAR LINEAR</Name_array><technique_common><accessor source="#ROOT-Interpolations-array" count="38"><param type="name"/></accessor></technique_common></source><sampler id="ROOT-Matrix-animation-transform"><input semantic="INPUT" source="#ROOT-Matrix-animation-input"/><input semantic="OUTPUT" source="#ROOT-Matrix-animation-output-transform"/><input semantic="INTERPOLATION" source="#ROOT-Interpolations"/></sampler><channel source="#ROOT-Matrix-animation-transform" target="ROOT/matrix"/></animation><animation><source id="ROOT-visibility-animation-input"><float_array id="ROOT-visibility-animation-input-array" count="2">

0.041667 1.250000</float_array><technique_common><accessor source="#ROOT-visibility-animation-input-array" count="2"><param name="TIME" type="float"/></accessor></technique_common></source><source id="ROOT-visibility-animation-output"><float_array id="ROOT-visibility-animation-output-array" count="2">

1.000000 1.000000</float_array><technique_common><accessor source="#ROOT-visibility-animation-output-array" count="2"><param type="float"/></accessor></technique_common></source><source id="ROOT-visibility-animation-intan"><float_array id="ROOT-visibility-animation-intan-array" count="2">

0.000000 0.000000</float_array><technique_common><accessor source="#ROOT-visibility-animation-intan-array" count="2"><param type="float"/></accessor></technique_common></source><source id="ROOT-visibility-animation-outtan"><float_array id="ROOT-visibility-animation-outtan-array" count="2">

0.000000 0.000000</float_array><technique_common><accessor source="#ROOT-visibility-animation-outtan-array" count="2"><param type="float"/></accessor></technique_common></source><source id="ROOT-visibility-animation-interpolation"><Name_array id="ROOT-visibility-animation-interpolation-array" count="2">
 BEZIER BEZIER</Name_array><technique_common><accessor source="#ROOT-visibility-animation-interpolation-array" count="2"><param type="name"/></accessor></technique_common></source><sampler id="ROOT-visibility-animation"><input semantic="INPUT" source="#ROOT-visibility-animation-input"/><input semantic="OUTPUT" source="#ROOT-visibility-animation-output"/><input semantic="IN_TANGENT" source="#ROOT-visibility-animation-intan"/><input semantic="OUT_TANGENT" source="#ROOT-visibility-animation-outtan"/><input semantic="INTERPOLATION" source="#ROOT-visibility-animation-interpolation"/></sampler><channel source="#ROOT-visibility-animation" target="ROOT/visibility"/></animation></animation>
    <animation id="hip-anim" name="hip"><animation><source id="hip-Matrix-animation-input"><float_array id="hip-Matrix-animation-input-array" count="38">

0.041667 0.083333 0.125000 0.166667 0.208333 0.250000 0.291667 0.333333 0.375000 0.416667 0.458333 0.500000 0.541667 0.583333 0.625000 0.666667
0.708333 0.750000 0.791667 0.833333 0.875000 0.916667 0.958333 1.000000 1.041667 1.083333 1.125000 1.166667 1.208333 1.250000 1.291667 1.333333
1.375000 1.416667 1.458333 1.500000 1.541667 1.583333</float_array><technique_common><accessor source="#hip-Matrix-animation-input-array" count="38"><param name="TIME" type="float"/></accessor></technique_common></source><source id="hip-Matrix-animation-output-transform"><float_array id="hip-Matrix-animation-output-transform-array" count="608">

0.000000 -0.000000 -1.000000 0.000000 0.960704 0.277575 0.000000 42.905880 0.277575 -0.960704 0.000000 -18.244541 0.000000 0.000000 0.000000 1.000000
0.000000 -0.000000 -1.000000 0.000000 0.966162 0.257935 0.000000 41.520939 0.257935 -0.966162 0.000000 -18.244541 0.000000 0.000000 0.000000 1.000000
0.000000 -0.000000 -1.000000 0.000000 0.971584 0.236694 0.000000 39.574562 0.236694 -0.971584 0.000000 -18.244541 0.000000 0.000000 0.000000 1.000000
0.000000 -0.000000 -1.000000 0.000000 0.976118 0.217241 0.000000 37.313042 0.217241 -0.976118 0.000000 -18.244541 0.000000 0.000000 0.000000 1.000000
0.000000 -0.000000 -1.000000 0.000000 0.979174 0.203025 0.000000 34.982681 0.203025 -0.979174 0.000000 -18.244541 0.000000 0.000000 0.000000 1.000000
0.000000 -0.000000 -1.000000 0.000000 0.980300 0.197517 0.000000 32.829773 0.197517 -0.980300 0.000000 -18.244541 0.000000 0.000000 0.000000 1.000000
0.000000 -0.000000 -1.000000 0.000000 0.978661 0.205480 0.000000 31.665949 0.205480 -0.978661 0.000000 -18.244541 0.000000 0.000000 0.000000 1.000000
0.000000 -0.000000 -1.000000 0.000000 0.973838 0.227243 0.000000 31.891869 0.227243 -0.973838 0.000000 -18.244541 0.000000 0.000000 0.000000 1.000000
0.000000 -0.000000 -1.000000 0.000000 0.965731 0.259547 0.000000 33.238064 0.259547 -0.965731 0.000000 -18.244541 0.000000 0.000000 0.000000 1.000000
0.000000 -0.000000 -1.000000 0.000000 0.954228 0.299079 0.000000 35.435066 0.299079 -0.954228 0.000000 -18.244541 0.000000 0.000000 0.000000 1.000000
0.000000 -0.000000 -1.000000 0.000000 0.939502 0.342543 0.000000 38.213413 0.342543 -0.939502 0.000000 -18.244541 0.000000 0.000000 0.000000 1.000000
0.000000 -0.000000 -1.000000 0.000000 0.922190 0.386738 0.000000 41.303631 0.386738 -0.922190 0.000000 -18.244541 0.000000 0.000000 0.000000 1.000000
0.000000 -0.000000 -1.000000 0.000000 0.903475 0.428640 0.000000 44.436253 0.428640 -0.903475 0.000000 -18.244541 0.000000 0.000000 0.000000 1.000000
0.000000 -0.000000 -1.000000 0.000000 0.885066 0.465466 0.000000 47.341812 0.465466 -0.885066 0.000000 -18.244541 0.000000 0.000000 0.000000 1.000000
0.000000 -0.000000 -1.000000 0.000000 0.869074 0.494681 0.000000 49.750835 0.494681 -0.869074 0.000000 -18.244541 0.000000 0.000000 0.000000 1.000000
0.000000 -0.000000 -1.000000 0.000000 0.857832 0.513930 0.000000 51.393860 0.513930 -0.857832 0.000000 -18.244541 0.000000 0.000000 0.000000 1.000000
0.000000 -0.000000 -1.000000 0.000000 0.853625 0.520887 0.000000 52.001419 0.520887 -0.853625 0.000000 -18.244541 0.000000 0.000000 0.000000 1.000000
0.000000 -0.000000 -1.000000 0.000000 0.855281 0.518165 0.000000 51.919888 0.518165 -0.855281 0.000000 -18.244541 0.000000 0.000000 0.000000 1.000000
0.000000 -0.000000 -1.000000 0.000000 0.859920 0.510429 0.000000 51.684528 0.510429 -0.859920 0.000000 -18.244541 0.000000 0.000000 0.000000 1.000000
0.000000 -0.000000 -1.000000 0.000000 0.867008 0.498295 0.000000 51.309200 0.498295 -0.867008 0.000000 -18.244541 0.000000 0.000000 0.000000 1.000000
0.000000 -0.000000 -1.000000 0.000000 0.875971 0.482364 0.000000 50.807758 0.482364 -0.875971 0.000000 -18.244541 0.000000 0.000000 0.000000 1.000000
0.000000 -0.000000 -1.000000 0.000000 0.886233 0.463240 0.000000 50.194057 0.463240 -0.886233 0.000000 -18.244541 0.000000 0.000000 0.000000 1.000000
0.000000 -0.000000 -1.000000 0.000000 0.897237 0.441550 0.000000 49.481953 0.441550 -0.897237 0.000000 -18.244541 0.000000 0.000000 0.000000 1.000000
0.000000 -0.000000 -1.000000 0.000000 0.908470 0.417951 0.000000 48.685303 0.417951 -0.908470 0.000000 -18.244541 0.000000 0.000000 0.000000 1.000000
0.000000 -0.000000 -1.000000 0.000000 0.919480 0.393136 0.000000 47.817963 0.393136 -0.919480 0.000000 -18.244541 0.000000 0.000000 0.000000 1.000000
0.000000 -0.000000 -1.000000 0.000000 0.929890 0.367839 0.000000 46.893791 0.367839 -0.929890 0.000000 -18.244541 0.000000 0.000000 0.000000 1.000000
0.000000 -0.000000 -1.000000 0.000000 0.939399 0.342827 0.000000 45.926640 0.342827 -0.939399 0.000000 -18.244541 0.000000 0.000000 0.000000 1.000000
0.000000 -0.000000 -1.000000 0.000000 0.947789 0.318898 0.000000 44.930370 0.318898 -0.947789 0.000000 -18.244541 0.000000 0.000000 0.000000 1.000000
0.000000 -0.000000 -1.000000 0.000000 0.954918 0.296870 0.000000 43.918831 0.296870 -0.954918 0.000000 -18.244541 0.000000 0.000000 0.000000 1.000000
0.000000 -0.000000 -1.000000 0.000000 0.960704 0.277575 0.000000 42.905880 0.277575 -0.960704 0.000000 -18.244541 0.000000 0.000000 0.000000 1.000000
0.000000 -0.000000 -1.000000 0.000000 0.965765 0.259419 0.000000 41.733177 0.259419 -0.965765 0.000000 -18.244541 0.000000 0.000000 0.000000 1.000000
0.000000 -0.000000 -1.000000 0.000000 0.970472 0.241215 0.000000 40.274696 0.241215 -0.970472 0.000000 -18.244541 0.000000 0.000000 0.000000 1.000000
0.000000 -0.000000 -1.000000 0.000000 0.974490 0.224431 0.000000 38.592773 0.224431 -0.974490 0.000000 -18.244541 0.000000 0.000000 0.000000 1.000000
0.000000 -0.000000 -1.000000 0.000000 0.977582 0.210554 0.000000 36.749752 0.210554 -0.977582 0.000000 -18.244541 0.000000 0.000000 0.000000 1.000000
0.000000 -0.000000 -1.000000 0.000000 0.979574 0.201084 0.000000 34.807972 0.201084 -0.979574 0.000000 -18.244541 0.000000 0.000000 0.000000 1.000000
0.000000 -0.000000 -1.000000 0.000000 0.980300 0.197517 0.000000 32.829773 0.197517 -0.980300 0.000000 -18.244541 0.000000 0.000000 0.000000 1.000000
0.000000 -0.000000 -1.000000 0.000000 0.980300 0.197517 0.000000 32.829773 0.197517 -0.980300 0.000000 -18.244541 0.000000 0.000000 0.000000 1.000000
0.000000 -0.000000 -1.000000 0.000000 0.980300 0.197517 0.000000 32.829773 0.197517 -0.980300 0.000000 -18.244541 0.000000 0.000000 0.000000 1.000000</float_array><technique_common><accessor source="#hip-Matrix-animation-output-transform-array" count="38" stride="16"><param type="float4x4"/></accessor></technique_common></source><source id="hip-Interpolations"><Name_array id="hip-Interpolations-array" count="38">
 LINEAR LINEAR LINEAR LINEAR LINEAR LINEAR LINEAR LINEAR LINEAR LINEAR LINEAR
LINEAR LINEAR LINEAR LINEAR LINEAR LINEAR LINEAR LINEAR LINEAR LINEAR LINEAR LINEAR
LINEAR LINEAR LINEAR LINEAR LINEAR LINEAR LINEAR LINEAR LINEAR LINEAR LINEAR LINEAR
LINEAR LINEAR LINEAR</Name_array><technique_common><accessor source="#hip-Interpolations-array" count="38"><param type="name"/></accessor></technique_common></source><sampler id="hip-Matrix-animation-transform"><input semantic="INPUT" source="#hip-Matrix-animation-input"/><input semantic="OUTPUT" source="#hip-Matrix-animation-output-transform"/><input semantic="INTERPOLATION" source="#hip-Interpolations"/></sampler><channel source="#hip-Matrix-animation-transform" target="hip/matrix"/></animation><animation><source id="hip-visibility-animation-input"><float_array id="hip-visibility-animation-input-array" count="2">

0.041667 1.250000</float_array><technique_common><accessor source="#hip-visibility-animation-input-array" count="2"><param name="TIME" type="float"/></accessor></technique_common></source><source id="hip-visibility-animation-output"><float_array id="hip-visibility-animation-output-array" count="2">

1.000000 1.000000</float_array><technique_common><accessor source="#hip-visibility-animation-output-array" count="2"><param type="float"/></accessor></technique_common></source><source id="hip-visibility-animation-intan"><float_array id="hip-visibility-animation-intan-array" count="2">

0.000000 0.000000</float_array><technique_common><accessor source="#hip-visibility-animation-intan-array" count="2"><param type="float"/></accessor></technique_common></source><source id="hip-visibility-animation-outtan"><float_array id="hip-visibility-animation-outtan-array" count="2">

0.000000 0.000000</float_array><technique_common><accessor source="#hip-visibility-animation-outtan-array" count="2"><param type="float"/></accessor></technique_common></source><source id="hip-visibility-animation-interpolation"><Name_array id="hip-visibility-animation-interpolation-array" count="2">
 BEZIER BEZIER</Name_array><technique_common><accessor source="#hip-visibility-animation-interpolation-array" count="2"><param type="name"/></accessor></technique_common></source><sampler id="hip-visibility-animation"><input semantic="INPUT" source="#hip-visibility-animation-input"/><input semantic="OUTPUT" source="#hip-visibility-animation-output"/><input semantic="IN_TANGENT" source="#hip-visibility-animation-intan"/><input semantic="OUT_TANGENT" source="#hip-visibility-animation-outtan"/><input semantic="INTERPOLATION" source="#hip-visibility-animation-interpolation"/></sampler><channel source="#hip-visibility-animation" target="hip/visibility"/></animation></animation>
    <animation id="spine_1-anim" name="spine_1"><animation><source id="spine_1-Matrix-animation-input"><float_array id="spine_1-Matrix-animation-input-array" count="30">

0.041667 0.083333 0.125000 0.166667 0.208333 0.250000 0.291667 0.333333 0.375000 0.416667 0.458333 0.500000 0.541667 0.583333 0.625000 0.666667
0.708333 0.750000 0.791667 0.833333 0.875000 0.916667 0.958333 1.000000 1.041667 1.083333 1.125000 1.166667 1.208333 1.250000</float_array><technique_common><accessor source="#spine_1-Matrix-animation-input-array" count="30"><param name="TIME" type="float"/></accessor></technique_common></source><source id="spine_1-Matrix-animation-output-transform"><float_array id="spine_1-Matrix-animation-output-transform-array" count="480">

0.994775 0.102094 0.000000 4.527083 -0.102094 0.994775 -0.000000 0.000000 0.000000 -0.000000 1.000000 0.000000 0.000000 0.000000 0.000000 1.000000
0.993661 0.112419 0.000000 4.527083 -0.112419 0.993661 -0.000000 0.000000 0.000000 -0.000000 1.000000 0.000000 0.000000 0.000000 0.000000 1.000000
0.990302 0.138932 0.000000 4.527083 -0.138932 0.990302 0.000000 -0.000000 0.000000 -0.000000 1.000000 -0.000000 0.000000 0.000000 0.000000 1.000000
0.984586 0.174902 -0.000000 4.527083 -0.174902 0.984586 0.000000 0.000000 -0.000000 0.000000 1.000000 0.000000 0.000000 0.000000 0.000000 1.000000
0.976917 0.213621 0.000000 4.527083 -0.213621 0.976917 0.000000 0.000000 -0.000000 0.000000 1.000000 0.000000 0.000000 0.000000 0.000000 1.000000
0.968625 0.248529 0.000000 4.527083 -0.248529 0.968625 0.000000 0.000000 0.000000 -0.000000 1.000000 0.000000 0.000000 0.000000 0.000000 1.000000
0.961934 0.273284 -0.000000 4.527083 -0.273284 0.961934 -0.000000 0.000000 0.000000 -0.000000 1.000000 0.000000 0.000000 0.000000 0.000000 1.000000
0.956994 0.290107 0.000000 4.527083 -0.290107 0.956994 0.000000 0.000000 -0.000000 0.000000 1.000000 0.000000 0.000000 0.000000 0.000000 1.000000
0.952277 0.305236 0.000000 4.527083 -0.305236 0.952277 -0.000000 0.000000 0.000000 -0.000000 1.000000 -0.000000 0.000000 0.000000 0.000000 1.000000
0.947923 0.318501 0.000000 4.527083 -0.318501 0.947923 0.000000 0.000000 -0.000000 0.000000 1.000000 0.000000 0.000000 0.000000 0.000000 1.000000
0.944074 0.329732 -0.000000 4.527083 -0.329732 0.944074 -0.000000 0.000000 0.000000 0.000000 1.000000 0.000000 0.000000 0.000000 0.000000 1.000000
0.940871 0.338765 0.000000 4.527083 -0.338765 0.940871 0.000000 0.000000 0.000000 0.000000 1.000000 0.000000 0.000000 0.000000 0.000000 1.000000
0.938444 0.345431 -0.000000 4.527083 -0.345431 0.938444 0.000000 0.000000 0.000000 0.000000 1.000000 0.000000 0.000000 0.000000 0.000000 1.000000
0.936914 0.349561 0.000000 4.527083 -0.349561 0.936914 -0.000000 -0.000000 -0.000000 0.000000 1.000000 0.000000 0.000000 0.000000 0.000000 1.000000
0.936384 0.350978 0.000000 4.527083 -0.350978 0.936384 -0.000000 0.000000 0.000000 -0.000000 1.000000 0.000000 0.000000 0.000000 0.000000 1.000000
0.937523 0.347924 0.000000 4.527083 -0.347924 0.937523 0.000000 0.000000 -0.000000 0.000000 1.000000 -0.000000 0.000000 0.000000 0.000000 1.000000
0.940674 0.339310 -0.000000 4.527083 -0.339310 0.940674 -0.000000 0.000000 0.000000 0.000000 1.000000 -0.000000 0.000000 0.000000 0.000000 1.000000
0.945390 0.325942 -0.000000 4.527083 -0.325942 0.945390 0.000000 0.000000 0.000000 -0.000000 1.000000 0.000000 0.000000 0.000000 0.000000 1.000000
0.951187 0.308614 0.000000 4.527083 -0.308614 0.951187 -0.000000 0.000000 -0.000000 -0.000000 1.000000 0.000000 0.000000 0.000000 0.000000 1.000000
0.957590 0.288133 0.000000 4.527083 -0.288133 0.957590 0.000000 0.000000 -0.000000 0.000000 1.000000 0.000000 0.000000 0.000000 0.000000 1.000000
0.964159 0.265323 -0.000000 4.527083 -0.265323 0.964159 -0.000000 0.000000 0.000000 -0.000000 1.000000 0.000000 0.000000 0.000000 0.000000 1.000000
0.970517 0.241035 0.000000 4.527083 -0.241035 0.970517 0.000000 -0.000000 0.000000 0.000000 1.000000 -0.000000 0.000000 0.000000 0.000000 1.000000
0.976362 0.216143 -0.000000 4.527083 -0.216143 0.976362 0.000000 0.000000 0.000000 -0.000000 1.000000 0.000000 0.000000 0.000000 0.000000 1.000000
0.981483 0.191549 -0.000000 4.527083 -0.191549 0.981483 0.000000 0.000000 0.000000 -0.000000 1.000000 0.000000 0.000000 0.000000 0.000000 1.000000
0.985758 0.168171 -0.000000 4.527083 -0.168171 0.985758 0.000000 0.000000 0.000000 0.000000 1.000000 0.000000 0.000000 0.000000 0.000000 1.000000
0.989146 0.146937 0.000000 4.527083 -0.146937 0.989146 0.000000 0.000000 -0.000000 0.000000 1.000000 0.000000 0.000000 0.000000 0.000000 1.000000
0.991673 0.128783 0.000000 4.527083 -0.128783 0.991673 -0.000000 0.000000 0.000000 0.000000 1.000000 0.000000 0.000000 0.000000 0.000000 1.000000
0.993407 0.114640 0.000000 4.527083 -0.114640 0.993407 0.000000 0.000000 -0.000000 0.000000 1.000000 0.000000 0.000000 0.000000 0.000000 1.000000
0.994426 0.105437 -0.000000 4.527083 -0.105437 0.994426 -0.000000 0.000000 0.000000 -0.000000 1.000000 0.000000 0.000000 0.000000 0.000000 1.000000
0.994775 0.102094 0.000000 4.527083 -0.102094 0.994775 -0.000000 0.000000 0.000000 -0.000000 1.000000 0.000000 0.000000 0.000000 0.000000 1.000000</float_array><technique_common><accessor source="#spine_1-Matrix-animation-output-transform-array" count="30" stride="16"><param type="float4x4"/></accessor></technique_common></source><source id="spine_1-Interpolations"><Name_array id="spine_1-Interpolations-array" count="30">
 LINEAR LINEAR LINEAR LINEAR LINEAR LINEAR LINEAR LINEAR LINEAR LINEAR LINEAR
LINEAR LINEAR LINEAR LINEAR LINEAR LINEAR LINEAR LINEAR LINEAR LINEAR LINEAR LINEAR
LINEAR LINEAR LINEAR LINEAR LINEAR LINEAR LINEAR</Name_array><technique_common><accessor source="#spine_1-Interpolations-array" count="30"><param type="name"/></accessor></technique_common></source><sampler id="spine_1-Matrix-animation-transform"><input semantic="INPUT" source="#spine_1-Matrix-animation-input"/><input semantic="OUTPUT" source="#spine_1-Matrix-animation-output-transform"/><input semantic="INTERPOLATION" source="#spine_1-Interpolations"/></sampler><channel source="#spine_1-Matrix-animation-transform" target="spine_1/matrix"/></animation><animation><source id="spine_1-visibility-animation-input"><float_array id="spine_1-visibility-animation-input-array" count="2">

0.041667 1.250000</float_array><technique_common><accessor source="#spine_1-visibility-animation-input-array" count="2"><param name="TIME" type="float"/></accessor></technique_common></source><source id="spine_1-visibility-animation-output"><float_array id="spine_1-visibility-animation-output-array" count="2">

1.000000 1.000000</float_array><technique_common><accessor source="#spine_1-visibility-animation-output-array" count="2"><param type="float"/></accessor></technique_common></source><source id="spine_1-visibility-animation-intan"><float_array id="spine_1-visibility-animation-intan-array" count="2">

0.000000 0.000000</float_array><technique_common><accessor source="#spine_1-visibility-animation-intan-array" count="2"><param type="float"/></accessor></technique_common></source><source id="spine_1-visibility-animation-outtan"><float_array id="spine_1-visibility-animation-outtan-array" count="2">

0.000000 0.000000</float_array><technique_common><accessor source="#spine_1-visibility-animation-outtan-array" count="2"><param type="float"/></accessor></technique_common></source><source id="spine_1-visibility-animation-interpolation"><Name_array id="spine_1-visibility-animation-interpolation-array" count="2">
 BEZIER BEZIER</Name_array><technique_common><accessor source="#spine_1-visibility-animation-interpolation-array" count="2"><param type="name"/></accessor></technique_common></source><sampler id="spine_1-visibility-animation"><input semantic="INPUT" source="#spine_1-visibility-animation-input"/><input semantic="OUTPUT" source="#spine_1-visibility-animation-output"/><input semantic="IN_TANGENT" source="#spine_1-visibility-animation-intan"/><input semantic="OUT_TANGENT" source="#spine_1-visibility-animation-outtan"/><input semantic="INTERPOLATION" source="#spine_1-visibility-animation-interpolation"/></sampler><channel source="#spine_1-visibility-animation" target="spine_1/visibility"/></animation></animation>
    <animation id="spine_2-anim" name="spine_2"><animation><source id="spine_2-Matrix-animation-input"><float_array id="spine_2-Matrix-animation-input-array" count="30">

0.041667 0.083333 0.125000 0.166667 0.208333 0.250000 0.291667 0.333333 0.375000 0.416667 0.458333 0.500000 0.541667 0.583333 0.625000 0.666667
0.708333 0.750000 0.791667 0.833333 0.875000 0.916667 0.958333 1.000000 1.041667 1.083333 1.125000 1.166667 1.208333 1.250000</float_array><technique_common><accessor source="#spine_2-Matrix-animation-input-array" count="30"><param name="TIME" type="float"/></accessor></technique_common></source><source id="spine_2-Matrix-animation-output-transform"><float_array id="spine_2-Matrix-animation-output-transform-array" count="480">

0.999643 -0.026705 0.000000 4.317346 0.026705 0.999643 0.000000 0.000000 -0.000000 0.000000 1.000000 0.000000 0.000000 0.000000 0.000000 1.000000
0.999601 -0.028234 0.000000 4.317346 0.028234 0.999601 0.000000 0.000000 0.000000 0.000000 1.000000 -0.000000 0.000000 0.000000 0.000000 1.000000
0.999443 -0.033386 0.000000 4.317346 0.033386 0.999443 -0.000000 -0.000000 -0.000000 0.000000 1.000000 -0.000000 0.000000 0.000000 0.000000 1.000000
0.999075 -0.043005 0.000000 4.317346 0.043005 0.999075 0.000000 0.000000 0.000000 -0.000000 1.000000 -0.000000 0.000000 0.000000 0.000000 1.000000
0.998320 -0.057933 0.000000 4.317346 0.057933 0.998320 0.000000 0.000000 0.000000 0.000000 1.000000 0.000000 0.000000 0.000000 0.000000 1.000000
0.996875 -0.078999 -0.000000 4.317346 0.078999 0.996875 -0.000000 0.000000 0.000000 0.000000 1.000000 0.000000 0.000000 0.000000 0.000000 1.000000
0.994258 -0.107008 0.000000 4.317346 0.107008 0.994258 0.000000 0.000000 -0.000000 -0.000000 1.000000 -0.000000 0.000000 0.000000 0.000000 1.000000
0.989156 -0.146866 -0.000000 4.317346 0.146866 0.989156 -0.000000 0.000000 0.000000 -0.000000 1.000000 -0.000000 0.000000 0.000000 0.000000 1.000000
0.979991 -0.199042 0.000000 4.317346 0.199042 0.979991 0.000000 0.000000 0.000000 -0.000000 1.000000 0.000000 0.000000 0.000000 0.000000 1.000000
0.966245 -0.257623 0.000000 4.317346 0.257623 0.966245 -0.000000 0.000000 0.000000 -0.000000 1.000000 -0.000000 0.000000 0.000000 0.000000 1.000000
0.948494 -0.316794 0.000000 4.317346 0.316794 0.948494 0.000000 0.000000 0.000000 0.000000 1.000000 0.000000 0.000000 0.000000 0.000000 1.000000
0.928612 -0.371053 0.000000 4.317346 0.371053 0.928612 -0.000000 0.000000 -0.000000 0.000000 1.000000 0.000000 0.000000 0.000000 0.000000 1.000000
0.909651 -0.415373 -0.000000 4.317346 0.415373 0.909651 0.000000 0.000000 0.000000 -0.000000 1.000000 0.000000 0.000000 0.000000 0.000000 1.000000
0.895438 -0.445185 -0.000000 4.317346 0.445185 0.895438 0.000000 0.000000 -0.000000 0.000000 1.000000 0.000000 0.000000 0.000000 0.000000 1.000000
0.889916 -0.456124 -0.000000 4.317346 0.456124 0.889916 0.000000 0.000000 0.000000 0.000000 1.000000 0.000000 0.000000 0.000000 0.000000 1.000000
0.892494 -0.451059 0.000000 4.317346 0.451059 0.892494 -0.000000 0.000000 0.000000 -0.000000 1.000000 0.000000 0.000000 0.000000 0.000000 1.000000
0.899592 -0.436730 0.000000 4.317346 0.436730 0.899592 0.000000 0.000000 -0.000000 0.000000 1.000000 0.000000 0.000000 0.000000 0.000000 1.000000
0.910111 -0.414365 0.000000 4.317346 0.414365 0.910111 -0.000000 -0.000000 -0.000000 -0.000000 1.000000 -0.000000 0.000000 0.000000 0.000000 1.000000
0.922847 -0.385167 0.000000 4.317346 0.385167 0.922847 0.000000 0.000000 0.000000 -0.000000 1.000000 -0.000000 0.000000 0.000000 0.000000 1.000000
0.936608 -0.350379 0.000000 4.317346 0.350379 0.936608 0.000000 -0.000000 -0.000000 -0.000000 1.000000 0.000000 0.000000 0.000000 0.000000 1.000000
0.950302 -0.311328 -0.000000 4.317346 0.311328 0.950302 0.000000 0.000000 -0.000000 0.000000 1.000000 -0.000000 0.000000 0.000000 0.000000 1.000000
0.963016 -0.269445 -0.000000 4.317346 0.269445 0.963016 0.000000 -0.000000 0.000000 -0.000000 1.000000 0.000000 0.000000 0.000000 0.000000 1.000000
0.974067 -0.226261 0.000000 4.317346 0.226261 0.974067 0.000000 0.000000 -0.000000 0.000000 1.000000 -0.000000 0.000000 0.000000 0.000000 1.000000
0.983040 -0.183394 0.000000 4.317346 0.183394 0.983040 0.000000 0.000000 0.000000 0.000000 1.000000 0.000000 0.000000 0.000000 0.000000 1.000000
0.989793 -0.142514 -0.000000 4.317346 0.142514 0.989793 -0.000000 0.000000 0.000000 -0.000000 1.000000 -0.000000 0.000000 0.000000 0.000000 1.000000
0.994439 -0.105316 0.000000 4.317346 0.105316 0.994439 0.000000 0.000000 0.000000 0.000000 1.000000 -0.000000 0.000000 0.000000 0.000000 1.000000
0.997296 -0.073488 0.000000 4.317346 0.073488 0.997296 -0.000000 0.000000 -0.000000 0.000000 1.000000 0.000000 0.000000 0.000000 0.000000 1.000000
0.998814 -0.048692 0.000000 4.317346 0.048692 0.998814 -0.000000 0.000000 0.000000 0.000000 1.000000 -0.000000 0.000000 0.000000 0.000000 1.000000
0.999470 -0.032563 0.000000 4.317346 0.032563 0.999470 0.000000 0.000000 -0.000000 0.000000 1.000000 -0.000000 0.000000 0.000000 0.000000 1.000000
0.999643 -0.026705 0.000000 4.317346 0.026705 0.999643 0.000000 0.000000 -0.000000 0.000000 1.000000 0.000000 0.000000 0.000000 0.000000 1.000000</float_array><technique_common><accessor source="#spine_2-Matrix-animation-output-transform-array" count="30" stride="16"><param type="float4x4"/></accessor></technique_common></source><source id="spine_2-Interpolations"><Name_array id="spine_2-Interpolations-array" count="30">
 LINEAR LINEAR LINEAR LINEAR LINEAR LINEAR LINEAR LINEAR LINEAR LINEAR LINEAR
LINEAR LINEAR LINEAR LINEAR LINEAR LINEAR LINEAR LINEAR LINEAR LINEAR LINEAR LINEAR
LINEAR LINEAR LINEAR LINEAR LINEAR LINEAR LINEAR</Name_array><technique_common><accessor source="#spine_2-Interpolations-array" count="30"><param type="name"/></accessor></technique_common></source><sampler id="spine_2-Matrix-animation-transform"><input semantic="INPUT" source="#spine_2-Matrix-animation-input"/><input semantic="OUTPUT" source="#spine_2-Matrix-animation-output-transform"/><input semantic="INTERPOLATION" source="#spine_2-Interpolations"/></sampler><channel source="#spine_2-Matrix-animation-transform" target="spine_2/matrix"/></animation><animation><source id="spine_2-visibility-animation-input"><float_array id="spine_2-visibility-animation-input-array" count="2">

0.041667 1.250000</float_array><technique_common><accessor source="#spine_2-visibility-animation-input-array" count="2"><param name="TIME" type="float"/></accessor></technique_common></source><source id="spine_2-visibility-animation-output"><float_array id="spine_2-visibility-animation-output-array" count="2">

1.000000 1.000000</float_array><technique_common><accessor source="#spine_2-visibility-animation-output-array" count="2"><param type="float"/></accessor></technique_common></source><source id="spine_2-visibility-animation-intan"><float_array id="spine_2-visibility-animation-intan-array" count="2">

0.000000 0.000000</float_array><technique_common><accessor source="#spine_2-visibility-animation-intan-array" count="2"><param type="float"/></accessor></technique_common></source><source id="spine_2-visibility-animation-outtan"><float_array id="spine_2-visibility-animation-outtan-array" count="2">

0.000000 0.000000</float_array><technique_common><accessor source="#spine_2-visibility-animation-outtan-array" count="2"><param type="float"/></accessor></technique_common></source><source id="spine_2-visibility-animation-interpolation"><Name_array id="spine_2-visibility-animation-interpolation-array" count="2">
 BEZIER BEZIER</Name_array><technique_common><accessor source="#spine_2-visibility-animation-interpolation-array" count="2"><param type="name"/></accessor></technique_common></source><sampler id="spine_2-visibility-animation"><input semantic="INPUT" source="#spine_2-visibility-animation-input"/><input semantic="OUTPUT" source="#spine_2-visibility-animation-output"/><input semantic="IN_TANGENT" source="#spine_2-visibility-animation-intan"/><input semantic="OUT_TANGENT" source="#spine_2-visibility-animation-outtan"/><input semantic="INTERPOLATION" source="#spine_2-visibility-animation-interpolation"/></sampler><channel source="#spine_2-visibility-animation" target="spine_2/visibility"/></animation></animation>
    <animation id="chest-anim" name="chest"><animation><source id="chest-Matrix-animation-input"><float_array id="chest-Matrix-animation-input-array" count="30">

0.041667 0.083333 0.125000 0.166667 0.208333 0.250000 0.291667 0.333333 0.375000 0.416667 0.458333 0.500000 0.541667 0.583333 0.625000 0.666667
0.708333 0.750000 0.791667 0.833333 0.875000 0.916667 0.958333 1.000000 1.041667 1.083333 1.125000 1.166667 1.208333 1.250000</float_array><technique_common><accessor source="#chest-Matrix-animation-input-array" count="30"><param name="TIME" type="float"/></accessor></technique_common></source><source id="chest-Matrix-animation-output-transform"><float_array id="chest-Matrix-animation-output-transform-array" count="480">

0.997937 0.064196 0.000000 5.024568 -0.064196 0.997937 -0.000000 0.000000 0.000000 0.000000 1.000000 0.000000 0.000000 0.000000 0.000000 1.000000
0.998165 0.060559 0.000000 5.024568 -0.060559 0.998165 -0.000000 0.000000 -0.000000 0.000000 1.000000 0.000000 0.000000 0.000000 0.000000 1.000000
0.998744 0.050114 0.000000 5.024568 -0.050114 0.998744 0.000000 -0.000000 -0.000000 -0.000000 1.000000 -0.000000 0.000000 0.000000 0.000000 1.000000
0.999437 0.033555 0.000000 5.024568 -0.033555 0.999437 0.000000 0.000000 -0.000000 0.000000 1.000000 0.000000 0.000000 0.000000 0.000000 1.000000
0.999933 0.011580 -0.000000 5.024568 -0.011580 0.999933 0.000000 0.000000 -0.000000 0.000000 1.000000 0.000000 0.000000 0.000000 0.000000 1.000000
0.999886 -0.015102 0.000000 5.024568 0.015102 0.999886 0.000000 0.000000 0.000000 -0.000000 1.000000 0.000000 0.000000 0.000000 0.000000 1.000000
0.998834 -0.048284 0.000000 5.024568 0.048284 0.998834 0.000000 0.000000 -0.000000 -0.000000 1.000000 -0.000000 0.000000 0.000000 0.000000 1.000000
0.996074 -0.088522 0.000000 5.024568 0.088522 0.996074 -0.000000 0.000000 -0.000000 0.000000 1.000000 0.000000 0.000000 0.000000 0.000000 1.000000
0.991088 -0.133207 -0.000000 5.024568 0.133207 0.991088 0.000000 0.000000 0.000000 0.000000 1.000000 0.000000 0.000000 0.000000 0.000000 1.000000
0.983719 -0.179716 0.000000 5.024568 0.179716 0.983719 0.000000 0.000000 0.000000 -0.000000 1.000000 -0.000000 0.000000 0.000000 0.000000 1.000000
0.974252 -0.225460 0.000000 5.024568 0.225460 0.974252 0.000000 0.000000 0.000000 0.000000 1.000000 -0.000000 0.000000 0.000000 0.000000 1.000000
0.963436 -0.267939 0.000000 5.024568 0.267939 0.963436 0.000000 -0.000000 -0.000000 0.000000 1.000000 0.000000 0.000000 0.000000 0.000000 1.000000
0.952423 -0.304780 0.000000 5.024568 0.304780 0.952423 -0.000000 0.000000 0.000000 -0.000000 1.000000 0.000000 0.000000 0.000000 0.000000 1.000000
0.942663 -0.333745 0.000000 5.024568 0.333745 0.942663 0.000000 0.000000 -0.000000 -0.000000 1.000000 0.000000 0.000000 0.000000 0.000000 1.000000
0.935738 -0.352696 -0.000000 5.024568 0.352696 0.935738 0.000000 0.000000 0.000000 -0.000000 1.000000 0.000000 0.000000 0.000000 0.000000 1.000000
0.933145 -0.359500 -0.000000 5.024568 0.359500 0.933145 0.000000 0.000000 0.000000 0.000000 1.000000 0.000000 0.000000 0.000000 0.000000 1.000000
0.935385 -0.353630 0.000000 5.024568 0.353630 0.935385 0.000000 0.000000 -0.000000 0.000000 1.000000 -0.000000 0.000000 0.000000 0.000000 1.000000
0.941462 -0.337119 -0.000000 5.024568 0.337119 0.941462 0.000000 0.000000 0.000000 -0.000000 1.000000 0.000000 0.000000 0.000000 0.000000 1.000000
0.950227 -0.311559 -0.000000 5.024568 0.311559 0.950227 -0.000000 -0.000000 -0.000000 -0.000000 1.000000 -0.000000 0.000000 0.000000 0.000000 1.000000
0.960427 -0.278532 -0.000000 5.024568 0.278532 0.960427 -0.000000 0.000000 0.000000 -0.000000 1.000000 0.000000 0.000000 0.000000 0.000000 1.000000
0.970852 -0.239679 -0.000000 5.024568 0.239679 0.970852 0.000000 0.000000 -0.000000 -0.000000 1.000000 0.000000 0.000000 0.000000 0.000000 1.000000
0.980457 -0.196732 -0.000000 5.024568 0.196732 0.980457 0.000000 0.000000 0.000000 -0.000000 1.000000 0.000000 0.000000 0.000000 0.000000 1.000000
0.988453 -0.151530 0.000000 5.024568 0.151530 0.988453 0.000000 0.000000 0.000000 0.000000 1.000000 -0.000000 0.000000 0.000000 0.000000 1.000000
