<?xml version="1.0" encoding="utf-8"?>
<COLLADA xmlns="http://www.collada.org/2005/11/COLLADASchema" version="1.4.1">
  <asset><contributor><author></author><authoring_tool>FBX COLLADA exporter</authoring_tool><comments></comments></contributor><created>2017-06-13T04:01:23Z</created><keywords></keywords><modified>2017-06-13T04:01:23Z</modified><revision></revision><subject></subject><title></title><unit meter="0.304800" name="centimeter"></unit><up_axis>Y_UP</up_axis></asset>
  <library_animations>
    <animation id="ROOT-anim" name="ROOT"><animation><source id="ROOT-Matrix-animation-input"><float_array id="ROOT-Matrix-animation-input-array" count="14">

0.041667 0.083333 0.125000 0.166667 0.208333 0.250000 0.291667 0.333333 0.375000 0.416667 0.458333 0.500000 0.541667 0.583333</float_array><technique_common><accessor source="#ROOT-Matrix-animation-input-array" count="14"><param name="TIME" type="float"/></accessor></technique_common></source><source id="ROOT-Matrix-animation-output-transform"><float_array id="ROOT-Matrix-animation-output-transform-array" count="224">

0.032808 0.000000 0.000000 0.000000 0.000000 0.032808 0.000000 0.000000 0.000000 0.000000 0.032808 0.000000 0.000000 0.000000 0.000000 1.000000
0.032808 0.000000 0.000000 0.000000 0.000000 0.032808 0.000000 0.000000 0.000000 0.000000 0.032808 0.000000 0.000000 0.000000 0.000000 1.000000
0.032808 0.000000 0.000000 0.000000 0.000000 0.032808 0.000000 0.000000 0.000000 0.000000 0.032808 0.000000 0.000000 0.000000 0.000000 1.000000
0.032808 0.000000 0.000000 0.000000 0.000000 0.032808 0.000000 0.000000 0.000000 0.000000 0.032808 0.000000 0.000000 0.000000 0.000000 1.000000
0.032808 0.000000 0.000000 0.000000 0.000000 0.032808 0.000000 0.000000 0.000000 0.000000 0.032808 0.000000 0.000000 0.000000 0.000000 1.000000
0.032808 0.000000 0.000000 0.000000 0.000000 0.032808 0.000000 0.000000 0.000000 0.000000 0.032808 0.000000 0.000000 0.000000 0.000000 1.000000
0.032808 0.000000 0.000000 0.000000 0.000000 0.032808 0.000000 0.000000 0.000000 0.000000 0.032808 0.000000 0.000000 0.000000 0.000000 1.000000
0.032808 0.000000 0.000000 0.000000 0.000000 0.032808 0.000000 0.000000 0.000000 0.000000 0.032808 0.000000 0.000000 0.000000 0.000000 1.000000
0.032808 0.000000 0.000000 0.000000 0.000000 0.032808 0.000000 0.000000 0.000000 0.000000 0.032808 0.000000 0.000000 0.000000 0.000000 1.000000
0.032808 0.000000 0.000000 0.000000 0.000000 0.032808 0.000000 0.000000 0.000000 0.000000 0.032808 0.000000 0.000000 0.000000 0.000000 1.000000
0.032808 0.000000 0.000000 0.000000 0.000000 0.032808 0.000000 0.000000 0.000000 0.000000 0.032808 0.000000 0.000000 0.000000 0.000000 1.000000
0.032808 0.000000 0.000000 0.000000 0.000000 0.032808 0.000000 0.000000 0.000000 0.000000 0.032808 0.000000 0.000000 0.000000 0.000000 1.000000
0.032808 0.000000 0.000000 0.000000 0.000000 0.032808 0.000000 0.000000 0.000000 0.000000 0.032808 0.000000 0.000000 0.000000 0.000000 1.000000
0.032808 0.000000 0.000000 0.000000 0.000000 0.032808 0.000000 0.000000 0.000000 0.000000 0.032808 0.000000 0.000000 0.000000 0.000000 1.000000</float_array><technique_common><accessor source="#ROOT-Matrix-animation-output-transform-array" count="14" stride="16"><param type="float4x4"/></accessor></technique_common></source><source id="ROOT-Interpolations"><Name_array id="ROOT-Interpolations-array" count="14">
 LINEAR LINEAR LINEAR LINEAR LINEAR LINEAR LINEAR LINEAR LINEAR LINEAR LINEAR
LINEAR LINEAR LINEAR</Name_array><technique_common><accessor source="#ROOT-Interpolations-array" count="14"><param type="name"/></accessor></technique_common></source><sampler id="ROOT-Matrix-animation-transform"><input semantic="INPUT" source="#ROOT-Matrix-animation-input"/><input semantic="OUTPUT" source="#ROOT-Matrix-animation-output-transform"/><input semantic="INTERPOLATION" source="#ROOT-Interpolations"/></sampler><channel source="#ROOT-Matrix-animation-transform" target="ROOT/matrix"/></animation><animation><source id="ROOT-visibility-animation-input"><float_array id="ROOT-visibility-animation-input-array" count="2">

0.041667 0.583333</float_array><technique_common><accessor source="#ROOT-visibility-animation-input-array" count="2"><param name="TIME" type="float"/></accessor></technique_common></source><source id="ROOT-visibility-animation-output"><float_array id="ROOT-visibility-animation-output-array" count="2">

1.000000 1.000000</float_array><technique_common><accessor source="#ROOT-visibility-animation-output-array" count="2"><param type="float"/></accessor></technique_common></source><source id="ROOT-visibility-animation-intan"><float_array id="ROOT-visibility-animation-intan-array" count="2">

0.000000 0.000000</float_array><technique_common><accessor source="#ROOT-visibility-animation-intan-array" count="2"><param type="float"/></accessor></technique_common></source><source id="ROOT-visibility-animation-outtan"><float_array id="ROOT-visibility-animation-outtan-array" count="2">

0.000000 0.000000</float_array><technique_common><accessor source="#ROOT-visibility-animation-outtan-array" count="2"><param type="float"/></accessor></technique_common></source><source id="ROOT-visibility-animation-interpolation"><Name_array id="ROOT-visibility-animation-interpolation-array" count="2">
 BEZIER BEZIER</Name_array><technique_common><accessor source="#ROOT-visibility-animation-interpolation-array" count="2"><param type="name"/></accessor></technique_common></source><sampler id="ROOT-visibility-animation"><input semantic="INPUT" source="#ROOT-visibility-animation-input"/><input semantic="OUTPUT" source="#ROOT-visibility-animation-output"/><input semantic="IN_TANGENT" source="#ROOT-visibility-animation-intan"/><input semantic="OUT_TANGENT" source="#ROOT-visibility-animation-outtan"/><input semantic="INTERPOLATION" source="#ROOT-visibility-animation-interpolation"/></sampler><channel source="#ROOT-visibility-animation" target="ROOT/visibility"/></animation></animation>
    <animation id="hip-anim" name="hip"><animation><source id="hip-Matrix-animation-input"><float_array id="hip-Matrix-animation-input-array" count="14">

0.041667 0.083333 0.125000 0.166667 0.208333 0.250000 0.291667 0.333333 0.375000 0.416667 0.458333 0.500000 0.541667 0.583333</float_array><technique_common><accessor source="#hip-Matrix-animation-input-array" count="14"><param name="TIME" type="float"/></accessor></technique_common></source><source id="hip-Matrix-animation-output-transform"><float_array id="hip-Matrix-animation-output-transform-array" count="224">

0.000000 0.000000 -1.000000 0.000000 -0.129745 0.991547 -0.000000 48.069775 0.991547 0.129745 0.000000 -18.244541 0.000000 0.000000 0.000000 1.000000
0.000000 0.000000 -1.000000 0.000000 -0.129745 0.991547 -0.000000 48.069775 0.991547 0.129745 0.000000 -18.244541 0.000000 0.000000 0.000000 1.000000
0.000000 0.000000 -1.000000 0.000000 -0.129745 0.991547 -0.000000 48.069775 0.991547 0.129745 0.000000 -18.244541 0.000000 0.000000 0.000000 1.000000
0.000000 0.000000 -1.000000 0.000000 -0.129745 0.991547 -0.000000 48.069775 0.991547 0.129745 0.000000 -18.244541 0.000000 0.000000 0.000000 1.000000
0.000000 0.000000 -1.000000 0.000000 -0.129745 0.991547 -0.000000 48.069775 0.991547 0.129745 0.000000 -18.244541 0.000000 0.000000 0.000000 1.000000
0.000000 0.000000 -1.000000 0.000000 -0.129745 0.991547 -0.000000 48.069775 0.991547 0.129745 0.000000 -18.244541 0.000000 0.000000 0.000000 1.000000
0.000000 0.000000 -1.000000 0.000000 -0.129745 0.991547 -0.000000 48.069775 0.991547 0.129745 0.000000 -18.244541 0.000000 0.000000 0.000000 1.000000
0.000000 0.000000 -1.000000 0.000000 -0.129745 0.991547 -0.000000 48.069775 0.991547 0.129745 0.000000 -18.244541 0.000000 0.000000 0.000000 1.000000
0.000000 0.000000 -1.000000 0.000000 -0.129745 0.991547 -0.000000 48.069775 0.991547 0.129745 0.000000 -18.244541 0.000000 0.000000 0.000000 1.000000
0.000000 0.000000 -1.000000 0.000000 -0.129745 0.991547 -0.000000 48.069775 0.991547 0.129745 0.000000 -18.244541 0.000000 0.000000 0.000000 1.000000
0.000000 0.000000 -1.000000 0.000000 -0.129745 0.991547 -0.000000 48.069775 0.991547 0.129745 0.000000 -18.244541 0.000000 0.000000 0.000000 1.000000
0.000000 0.000000 -1.000000 0.000000 -0.129745 0.991547 -0.000000 48.069775 0.991547 0.129745 0.000000 -18.244541 0.000000 0.000000 0.000000 1.000000
0.000000 0.000000 -1.000000 0.000000 -0.129745 0.991547 -0.000000 48.069775 0.991547 0.129745 0.000000 -18.244541 0.000000 0.000000 0.000000 1.000000
0.000000 0.000000 -1.000000 0.000000 -0.129745 0.991547 -0.000000 48.069775 0.991547 0.129745 0.000000 -18.244541 0.000000 0.000000 0.000000 1.000000</float_array><technique_common><accessor source="#hip-Matrix-animation-output-transform-array" count="14" stride="16"><param type="float4x4"/></accessor></technique_common></source><source id="hip-Interpolations"><Name_array id="hip-Interpolations-array" count="14">
 LINEAR LINEAR LINEAR LINEAR LINEAR LINEAR LINEAR LINEAR LINEAR LINEAR LINEAR
LINEAR LINEAR LINEAR</Name_array><technique_common><accessor source="#hip-Interpolations-array" count="14"><param type="name"/></accessor></technique_common></source><sampler id="hip-Matrix-animation-transform"><input semantic="INPUT" source="#hip-Matrix-animation-input"/><input semantic="OUTPUT" source="#hip-Matrix-animation-output-transform"/><input semantic="INTERPOLATION" source="#hip-Interpolations"/></sampler><channel source="#hip-Matrix-animation-transform" target="hip/matrix"/></animation><animation><source id="hip-visibility-animation-input"><float_array id="hip-visibility-animation-input-array" count="2">

0.041667 0.583333</float_array><technique_common><accessor source="#hip-visibility-animation-input-array" count="2"><param name="TIME" type="float"/></accessor></technique_common></source><source id="hip-visibility-animation-output"><float_array id="hip-visibility-animation-output-array" count="2">

1.000000 1.000000</float_array><technique_common><accessor source="#hip-visibility-animation-output-array" count="2"><param type="float"/></accessor></technique_common></source><source id="hip-visibility-animation-intan"><float_array id="hip-visibility-animation-intan-array" count="2">

0.000000 0.000000</float_array><technique_common><accessor source="#hip-visibility-animation-intan-array" count="2"><param type="float"/></accessor></technique_common></source><source id="hip-visibility-animation-outtan"><float_array id="hip-visibility-animation-outtan-array" count="2">

0.000000 0.000000</float_array><technique_common><accessor source="#hip-visibility-animation-outtan-array" count="2"><param type="float"/></accessor></technique_common></source><source id="hip-visibility-animation-interpolation"><Name_array id="hip-visibility-animation-interpolation-array" count="2">
 BEZIER BEZIER</Name_array><technique_common><accessor source="#hip-visibility-animation-interpolation-array" count="2"><param type="name"/></accessor></technique_common></source><sampler id="hip-visibility-animation"><input semantic="INPUT" source="#hip-visibility-animation-input"/><input semantic="OUTPUT" source="#hip-visibility-animation-output"/><input semantic="IN_TANGENT" source="#hip-visibility-animation-intan"/><input semantic="OUT_TANGENT" source="#hip-visibility-animation-outtan"/><input semantic="INTERPOLATION" source="#hip-visibility-animation-interpolation"/></sampler><channel source="#hip-visibility-animation" target="hip/visibility"/></animation></animation>
    <animation id="spine_1-anim" name="spine_1"><animation><source id="spine_1-Matrix-animation-input"><float_array id="spine_1-Matrix-animation-input-array" count="14">

0.041667 0.083333 0.125000 0.166667 0.208333 0.250000 0.291667 0.333333 0.375000 0.416667 0.458333 0.500000 0.541667 0.583333</float_array><technique_common><accessor source="#spine_1-Matrix-animation-input-array" count="14"><param name="TIME" type="float"/></accessor></technique_common></source><source id="spine_1-Matrix-animation-output-transform"><float_array id="spine_1-Matrix-animation-output-transform-array" count="224">

0.973908 0.226943 0.000000 4.527083 -0.226943 0.973908 0.000000 0.000000 -0.000000 0.000000 1.000000 0.000000 0.000000 0.000000 0.000000 1.000000
0.974424 0.224707 0.002148 4.527083 -0.224704 0.974426 -0.001517 0.000000 -0.002434 0.000995 0.999997 0.000000 0.000000 0.000000 0.000000 1.000000
0.975353 0.220565 0.006103 4.527083 -0.220540 0.975367 -0.004538 0.000000 -0.006954 0.003080 0.999971 0.000000 0.000000 0.000000 0.000000 1.000000
0.975838 0.218346 0.008090 4.527083 -0.218294 0.975859 -0.006836 0.000000 -0.009387 0.004904 0.999944 0.000000 0.000000 0.000000 0.000000 1.000000
0.975843 0.218432 0.004112 4.527083 -0.218399 0.975832 -0.007271 0.000000 -0.005601 0.006198 0.999965 0.000000 0.000000 0.000000 0.000000 1.000000
0.975787 0.218680 -0.004288 4.527083 -0.218705 0.975768 -0.006649 0.000000 0.002729 0.007426 0.999969 0.000000 0.000000 0.000000 0.000000 1.000000
0.975614 0.219129 -0.012619 4.527083 -0.219213 0.975660 -0.005716 0.000000 0.011060 0.008343 0.999904 0.000000 0.000000 0.000000 0.000000 1.000000
0.975398 0.219839 -0.016396 4.527083 -0.219949 0.975497 -0.005225 0.000000 0.014846 0.008703 0.999852 0.000000 0.000000 0.000000 0.000000 1.000000
0.975161 0.220975 -0.015182 4.527083 -0.221070 0.975246 -0.004829 0.000000 0.013739 0.008066 0.999873 0.000000 0.000000 0.000000 0.000000 1.000000
0.974863 0.222476 -0.012138 4.527083 -0.222536 0.974917 -0.003867 0.000000 0.010973 0.006471 0.999919 0.000000 0.000000 0.000000 0.000000 1.000000
0.974538 0.224074 -0.008175 4.527083 -0.224102 0.974562 -0.002633 0.000000 0.007377 0.004398 0.999963 0.000000 0.000000 0.000000 0.000000 1.000000
0.974231 0.225512 -0.004208 4.527083 -0.225519 0.974238 -0.001413 0.000000 0.003781 0.002325 0.999990 0.000000 0.000000 0.000000 0.000000 1.000000
0.974000 0.226546 -0.001153 4.527083 -0.226547 0.974000 -0.000482 0.000000 0.001014 0.000730 0.999999 0.000000 0.000000 0.000000 0.000000 1.000000
0.973908 0.226943 0.000069 4.527083 -0.226943 0.973908 -0.000111 0.000000 -0.000092 0.000092 1.000000 0.000000 0.000000 0.000000 0.000000 1.000000</float_array><technique_common><accessor source="#spine_1-Matrix-animation-output-transform-array" count="14" stride="16"><param type="float4x4"/></accessor></technique_common></source><source id="spine_1-Interpolations"><Name_array id="spine_1-Interpolations-array" count="14">
 LINEAR LINEAR LINEAR LINEAR LINEAR LINEAR LINEAR LINEAR LINEAR LINEAR LINEAR
LINEAR LINEAR LINEAR</Name_array><technique_common><accessor source="#spine_1-Interpolations-array" count="14"><param type="name"/></accessor></technique_common></source><sampler id="spine_1-Matrix-animation-transform"><input semantic="INPUT" source="#spine_1-Matrix-animation-input"/><input semantic="OUTPUT" source="#spine_1-Matrix-animation-output-transform"/><input semantic="INTERPOLATION" source="#spine_1-Interpolations"/></sampler><channel source="#spine_1-Matrix-animation-transform" target="spine_1/matrix"/></animation><animation><source id="spine_1-visibility-animation-input"><float_array id="spine_1-visibility-animation-input-array" count="2">

0.041667 0.583333</float_array><technique_common><accessor source="#spine_1-visibility-animation-input-array" count="2"><param name="TIME" type="float"/></accessor></technique_common></source><source id="spine_1-visibility-animation-output"><float_array id="spine_1-visibility-animation-output-array" count="2">

1.000000 1.000000</float_array><technique_common><accessor source="#spine_1-visibility-animation-output-array" count="2"><param type="float"/></accessor></technique_common></source><source id="spine_1-visibility-animation-intan"><float_array id="spine_1-visibility-animation-intan-array" count="2">

0.000000 0.000000</float_array><technique_common><accessor source="#spine_1-visibility-animation-intan-array" count="2"><param type="float"/></accessor></technique_common></source><source id="spine_1-visibility-animation-outtan"><float_array id="spine_1-visibility-animation-outtan-array" count="2">

0.000000 0.000000</float_array><technique_common><accessor source="#spine_1-visibility-animation-outtan-array" count="2"><param type="float"/></accessor></technique_common></source><source id="spine_1-visibility-animation-interpolation"><Name_array id="spine_1-visibility-animation-interpolation-array" count="2">
 BEZIER BEZIER</Name_array><technique_common><accessor source="#spine_1-visibility-animation-interpolation-array" count="2"><param type="name"/></accessor></technique_common></source><sampler id="spine_1-visibility-animation"><input semantic="INPUT" source="#spine_1-visibility-animation-input"/><input semantic="OUTPUT" source="#spine_1-visibility-animation-output"/><input semantic="IN_TANGENT" source="#spine_1-visibility-animation-intan"/><input semantic="OUT_TANGENT" source="#spine_1-visibility-animation-outtan"/><input semantic="INTERPOLATION" source="#spine_1-visibility-animation-interpolation"/></sampler><channel source="#spine_1-visibility-animation" target="spine_1/visibility"/></animation></animation>
    <animation id="spine_2-anim" name="spine_2"><animation><source id="spine_2-Matrix-animation-input"><float_array id="spine_2-Matrix-animation-input-array" count="14">

0.041667 0.083333 0.125000 0.166667 0.208333 0.250000 0.291667 0.333333 0.375000 0.416667 0.458333 0.500000 0.541667 0.583333</float_array><technique_common><accessor source="#spine_2-Matrix-animation-input-array" count="14"><param name="TIME" type="float"/></accessor></technique_common></source><source id="spine_2-Matrix-animation-output-transform"><float_array id="spine_2-Matrix-animation-output-transform-array" count="224">

0.994258 -0.107008 0.000000 4.317346 0.107008 0.994258 0.000000 0.000000 0.000000 0.000000 1.000000 0.000000 0.000000 0.000000 0.000000 1.000000
0.994258 -0.107008 -0.000000 4.317346 0.107008 0.994258 0.000000 0.000000 0.000000 0.000000 1.000000 0.000000 0.000000 0.000000 0.000000 1.000000
0.994258 -0.107008 0.000000 4.317346 0.107008 0.994258 -0.000000 0.000000 0.000000 -0.000000 1.000000 0.000000 0.000000 0.000000 0.000000 1.000000
0.994258 -0.107008 0.000000 4.317346 0.107008 0.994258 0.000000 0.000000 -0.000000 -0.000000 1.000000 -0.000000 0.000000 0.000000 0.000000 1.000000
0.994258 -0.107008 0.000000 4.317346 0.107008 0.994258 0.000000 0.000000 0.000000 -0.000000 1.000000 0.000000 0.000000 0.000000 0.000000 1.000000
0.994258 -0.107008 0.000000 4.317346 0.107008 0.994258 -0.000000 0.000000 0.000000 0.000000 1.000000 0.000000 0.000000 0.000000 0.000000 1.000000
0.994258 -0.107008 0.000000 4.317346 0.107008 0.994258 -0.000000 0.000000 -0.000000 -0.000000 1.000000 0.000000 0.000000 0.000000 0.000000 1.000000
0.994258 -0.107008 -0.000000 4.317346 0.107008 0.994258 0.000000 0.000000 0.000000 0.000000 1.000000 -0.000000 0.000000 0.000000 0.000000 1.000000
0.994258 -0.107008 -0.000000 4.317346 0.107008 0.994258 -0.000000 0.000000 0.000000 -0.000000 1.000000 0.000000 0.000000 0.000000 0.000000 1.000000
0.994258 -0.107008 0.000000 4.317346 0.107008 0.994258 0.000000 0.000000 0.000000 -0.000000 1.000000 0.000000 0.000000 0.000000 0.000000 1.000000
0.994258 -0.107008 0.000000 4.317346 0.107008 0.994258 0.000000 0.000000 0.000000 -0.000000 1.000000 0.000000 0.000000 0.000000 0.000000 1.000000
0.994258 -0.107008 -0.000000 4.317346 0.107008 0.994258 -0.000000 0.000000 0.000000 -0.000000 1.000000 0.000000 0.000000 0.000000 0.000000 1.000000
0.994258 -0.107008 0.000000 4.317346 0.107008 0.994258 -0.000000 0.000000 -0.000000 0.000000 1.000000 0.000000 0.000000 0.000000 0.000000 1.000000
0.994258 -0.107008 0.000000 4.317346 0.107008 0.994258 -0.000000 0.000000 0.000000 -0.000000 1.000000 0.000000 0.000000 0.000000 0.000000 1.000000</float_array><technique_common><accessor source="#spine_2-Matrix-animation-output-transform-array" count="14" stride="16"><param type="float4x4"/></accessor></technique_common></source><source id="spine_2-Interpolations"><Name_array id="spine_2-Interpolations-array" count="14">
 LINEAR LINEAR LINEAR LINEAR LINEAR LINEAR LINEAR LINEAR LINEAR LINEAR LINEAR
LINEAR LINEAR LINEAR</Name_array><technique_common><accessor source="#spine_2-Interpolations-array" count="14"><param type="name"/></accessor></technique_common></source><sampler id="spine_2-Matrix-animation-transform"><input semantic="INPUT" source="#spine_2-Matrix-animation-input"/><input semantic="OUTPUT" source="#spine_2-Matrix-animation-output-transform"/><input semantic="INTERPOLATION" source="#spine_2-Interpolations"/></sampler><channel source="#spine_2-Matrix-animation-transform" target="spine_2/matrix"/></animation><animation><source id="spine_2-visibility-animation-input"><float_array id="spine_2-visibility-animation-input-array" count="2">

0.041667 0.583333</float_array><technique_common><accessor source="#spine_2-visibility-animation-input-array" count="2"><param name="TIME" type="float"/></accessor></technique_common></source><source id="spine_2-visibility-animation-output"><float_array id="spine_2-visibility-animation-output-array" count="2">

1.000000 1.000000</float_array><technique_common><accessor source="#spine_2-visibility-animation-output-array" count="2"><param type="float"/></accessor></technique_common></source><source id="spine_2-visibility-animation-intan"><float_array id="spine_2-visibility-animation-intan-array" count="2">

0.000000 0.000000</float_array><technique_common><accessor source="#spine_2-visibility-animation-intan-array" count="2"><param type="float"/></accessor></technique_common></source><source id="spine_2-visibility-animation-outtan"><float_array id="spine_2-visibility-animation-outtan-array" count="2">

0.000000 0.000000</float_array><technique_common><accessor source="#spine_2-visibility-animation-outtan-array" count="2"><param type="float"/></accessor></technique_common></source><source id="spine_2-visibility-animation-interpolation"><Name_array id="spine_2-visibility-animation-interpolation-array" count="2">
 BEZIER BEZIER</Name_array><technique_common><accessor source="#spine_2-visibility-animation-interpolation-array" count="2"><param type="name"/></accessor></technique_common></source><sampler id="spine_2-visibility-animation"><input semantic="INPUT" source="#spine_2-visibility-animation-input"/><input semantic="OUTPUT" source="#spine_2-visibility-animation-output"/><input semantic="IN_TANGENT" source="#spine_2-visibility-animation-intan"/><input semantic="OUT_TANGENT" source="#spine_2-visibility-animation-outtan"/><input semantic="INTERPOLATION" source="#spine_2-visibility-animation-interpolation"/></sampler><channel source="#spine_2-visibility-animation" target="spine_2/visibility"/></animation></animation>
    <animation id="chest-anim" name="chest"><animation><source id="chest-Matrix-animation-input"><float_array id="chest-Matrix-animation-input-array" count="14">

0.041667 0.083333 0.125000 0.166667 0.208333 0.250000 0.291667 0.333333 0.375000 0.416667 0.458333 0.500000 0.541667 0.583333</float_array><technique_common><accessor source="#chest-Matrix-animation-input-array" count="14"><param name="TIME" type="float"/></accessor></technique_common></source><source id="chest-Matrix-animation-output-transform"><float_array id="chest-Matrix-animation-output-transform-array" count="224">

0.988161 -0.153419 -0.000000 5.024568 0.153419 0.988161 0.000000 0.000000 0.000000 0.000000 1.000000 0.000000 0.000000 0.000000 0.000000 1.000000
0.988161 -0.153419 0.000377 5.024568 0.153419 0.988161 0.000059 0.000000 -0.000382 -0.000000 1.000000 0.000000 0.000000 0.000000 0.000000 1.000000
0.988160 -0.153419 0.001350 5.024568 0.153419 0.988161 0.000210 0.000000 -0.001366 0.000000 0.999999 0.000000 0.000000 0.000000 0.000000 1.000000
0.988158 -0.153419 0.002680 5.024568 0.153418 0.988161 0.000416 -0.000000 -0.002712 0.000000 0.999996 0.000000 0.000000 0.000000 0.000000 1.000000
0.988153 -0.153419 0.004129 5.024568 0.153417 0.988161 0.000641 0.000000 -0.004179 -0.000000 0.999991 0.000000 0.000000 0.000000 0.000000 1.000000
0.988146 -0.153419 0.005459 5.024568 0.153416 0.988161 0.000848 0.000000 -0.005525 -0.000000 0.999985 -0.000000 0.000000 0.000000 0.000000 1.000000
0.988140 -0.153419 0.006432 5.024568 0.153416 0.988161 0.000999 0.000000 -0.006509 -0.000000 0.999979 -0.000000 0.000000 0.000000 0.000000 1.000000
0.988138 -0.153419 0.006809 5.024568 0.153415 0.988161 0.001057 0.000000 -0.006891 0.000000 0.999976 0.000000 0.000000 0.000000 0.000000 1.000000
0.988141 -0.153419 0.006305 5.024568 0.153416 0.988161 0.000979 -0.000000 -0.006380 0.000000 0.999980 0.000000 0.000000 0.000000 0.000000 1.000000
0.988148 -0.153419 0.005044 5.024568 0.153417 0.988161 0.000783 0.000000 -0.005104 0.000000 0.999987 0.000000 0.000000 0.000000 0.000000 1.000000
0.988155 -0.153419 0.003405 5.024568 0.153418 0.988161 0.000529 -0.000000 -0.003445 -0.000000 0.999994 -0.000000 0.000000 0.000000 0.000000 1.000000
0.988160 -0.153419 0.001765 5.024568 0.153419 0.988161 0.000274 0.000000 -0.001787 0.000000 0.999998 0.000000 0.000000 0.000000 0.000000 1.000000
0.988161 -0.153419 0.000504 5.024568 0.153419 0.988161 0.000078 0.000000 -0.000510 0.000000 1.000000 -0.000000 0.000000 0.000000 0.000000 1.000000
0.988161 -0.153419 -0.000000 5.024568 0.153419 0.988161 -0.000000 0.000000 0.000000 0.000000 1.000000 0.000000 0.000000 0.000000 0.000000 1.000000</float_array><technique_common><accessor source="#chest-Matrix-animation-output-transform-array" count="14" stride="16"><param type="float4x4"/></accessor></technique_common></source><source id="chest-Interpolations"><Name_array id="chest-Interpolations-array" count="14">
 LINEAR LINEAR LINEAR LINEAR LINEAR LINEAR LINEAR LINEAR LINEAR LINEAR LINEAR
LINEAR LINEAR LINEAR</Name_array><technique_common><accessor source="#chest-Interpolations-array" count="14"><param type="name"/></accessor></technique_common></source><sampler id="chest-Matrix-animation-transform"><input semantic="INPUT" source="#chest-Matrix-animation-input"/><input semantic="OUTPUT" source="#chest-Matrix-animation-output-transform"/><input semantic="INTERPOLATION" source="#chest-Interpolations"/></sampler><channel source="#chest-Matrix-animation-transform" target="chest/matrix"/></animation><animation><source id="chest-visibility-animation-input"><float_array id="chest-visibility-animation-input-array" count="2">

0.041667 0.583333</float_array><technique_common><accessor source="#chest-visibility-animation-input-array" count="2"><param name="TIME" type="float"/></accessor></technique_common></source><source id="chest-visibility-animation-output"><float_array id="chest-visibility-animation-output-array" count="2">

1.000000 1.000000</float_array><technique_common><accessor source="#chest-visibility-animation-output-array" count="2"><param type="float"/></accessor></technique_common></source><source id="chest-visibility-animation-intan"><float_array id="chest-visibility-animation-intan-array" count="2">

0.000000 0.000000</float_array><technique_common><accessor source="#chest-visibility-animation-intan-array" count="2"><param type="float"/></accessor></technique_common></source><source id="chest-visibility-animation-outtan"><float_array id="chest-visibility-animation-outtan-array" count="2">

0.000000 0.000000</float_array><technique_common><accessor source="#chest-visibility-animation-outtan-array" count="2"><param type="float"/></accessor></technique_common></source><source id="chest-visibility-animation-interpolation"><Name_array id="chest-visibility-animation-interpolation-array" count="2">
 BEZIER BEZIER</Name_array><technique_common><accessor source="#chest-visibility-animation-interpolation-array" count="2"><param type="name"/></accessor></technique_common></source><sampler id="chest-visibility-animation"><input semantic="INPUT" source="#chest-visibility-animation-input"/><input semantic="OUTPUT" source="#chest-visibility-animation-output"/><input semantic="IN_TANGENT" source="#chest-visibility-animation-intan"/><input semantic="OUT_TANGENT" source="#chest-visibility-animation-outtan"/><input semantic="INTERPOLATION" source="#chest-visibility-animation-interpolation"/></sampler><channel source="#chest-visibility-animation" target="chest/visibility"/></animation></animation>
    <animation id="neck_1-anim" name="neck_1"><animation><source id="neck_1-Matrix-animation-input"><float_array id="neck_1-Matrix-animation-input-array" count="14">

0.041667 0.083333 0.125000 0.166667 0.208333 0.250000 0.291667 0.333333 0.375000 0.416667 0.458333 0.500000 0.541667 0.583333</float_array><technique_common><accessor source="#neck_1-Matrix-animation-input-array" count="14"><param name="TIME" type="float"/></accessor></technique_common></source><source id="neck_1-Matrix-animation-output-transform"><float_array id="neck_1-Matrix-animation-output-transform-array" count="224">

0.999653 -0.026342 0.000000 15.135911 0.026342 0.999653 0.000000 0.000000 0.000000 0.000000 1.000000 0.000000 0.000000 0.000000 0.000000 1.000000
0.999653 -0.026342 -0.000000 15.135911 0.026342 0.999653 0.000000 0.000000 0.000000 0.000000 1.000000 0.000000 0.000000 0.000000 0.000000 1.000000
0.999653 -0.026342 0.000000 15.135911 0.026342 0.999653 -0.000000 0.000000 0.000000 -0.000000 1.000000 0.000000 0.000000 0.000000 0.000000 1.000000
0.999653 -0.026342 -0.000000 15.135911 0.026342 0.999653 -0.000000 0.000000 -0.000000 -0.000000 1.000000 0.000000 0.000000 0.000000 0.000000 1.000000
0.999653 -0.026342 0.000000 15.135911 0.026342 0.999653 0.000000 -0.000000 0.000000 -0.000000 1.000000 0.000000 0.000000 0.000000 0.000000 1.000000
0.999653 -0.026342 -0.000000 15.135911 0.026342 0.999653 0.000000 0.000000 -0.000000 0.000000 1.000000 0.000000 0.000000 0.000000 0.000000 1.000000
0.999653 -0.026342 -0.000000 15.135911 0.026342 0.999653 -0.000000 -0.000000 -0.000000 0.000000 1.000000 0.000000 0.000000 0.000000 0.000000 1.000000
0.999653 -0.026342 0.000000 15.135911 0.026342 0.999653 0.000000 0.000000 -0.000000 0.000000 1.000000 -0.000000 0.000000 0.000000 0.000000 1.000000
0.999653 -0.026342 -0.000000 15.135911 0.026342 0.999653 -0.000000 -0.000000 -0.000000 0.000000 1.000000 -0.000000 0.000000 0.000000 0.000000 1.000000
0.999653 -0.026342 0.000000 15.135911 0.026342 0.999653 -0.000000 -0.000000 0.000000 -0.000000 1.000000 -0.000000 0.000000 0.000000 0.000000 1.000000
0.999653 -0.026342 -0.000000 15.135911 0.026342 0.999653 -0.000000 0.000000 0.000000 -0.000000 1.000000 0.000000 0.000000 0.000000 0.000000 1.000000
0.999653 -0.026342 0.000000 15.135911 0.026342 0.999653 -0.000000 0.000000 0.000000 -0.000000 1.000000 0.000000 0.000000 0.000000 0.000000 1.000000
0.999653 -0.026342 0.000000 15.135911 0.026342 0.999653 0.000000 0.000000 -0.000000 0.000000 1.000000 -0.000000 0.000000 0.000000 0.000000 1.000000
0.999653 -0.026342 0.000000 15.135911 0.026342 0.999653 0.000000 0.000000 0.000000 -0.000000 1.000000 0.000000 0.000000 0.000000 0.000000 1.000000</float_array><technique_common><accessor source="#neck_1-Matrix-animation-output-transform-array" count="14" stride="16"><param type="float4x4"/></accessor></technique_common></source><source id="neck_1-Interpolations"><Name_array id="neck_1-Interpolations-array" count="14">
 LINEAR LINEAR LINEAR LINEAR LINEAR LINEAR LINEAR LINEAR LINEAR LINEAR LINEAR
LINEAR LINEAR LINEAR</Name_array><technique_common><accessor source="#neck_1-Interpolations-array" count="14"><param type="name"/></accessor></technique_common></source><sampler id="neck_1-Matrix-animation-transform"><input semantic="INPUT" source="#neck_1-Matrix-animation-input"/><input semantic="OUTPUT" source="#neck_1-Matrix-animation-output-transform"/><input semantic="INTERPOLATION" source="#neck_1-Interpolations"/></sampler><channel source="#neck_1-Matrix-animation-transform" target="neck_1/matrix"/></animation><animation><source id="neck_1-visibility-animation-input"><float_array id="neck_1-visibility-animation-input-array" count="2">

0.041667 0.583333</float_array><technique_common><accessor source="#neck_1-visibility-animation-input-array" count="2"><param name="TIME" type="float"/></accessor></technique_common></source><source id="neck_1-visibility-animation-output"><float_array id="neck_1-visibility-animation-output-array" count="2">

1.000000 1.000000</float_array><technique_common><accessor source="#neck_1-visibility-animation-output-array" count="2"><param type="float"/></accessor></technique_common></source><source id="neck_1-visibility-animation-intan"><float_array id="neck_1-visibility-animation-intan-array" count="2">

0.000000 0.000000</float_array><technique_common><accessor source="#neck_1-visibility-animation-intan-array" count="2"><param type="float"/></accessor></technique_common></source><source id="neck_1-visibility-animation-outtan"><float_array id="neck_1-visibility-animation-outtan-array" count="2">

0.000000 0.000000</float_array><technique_common><accessor source="#neck_1-visibility-animation-outtan-array" count="2"><param type="float"/></accessor></technique_common></source><source id="neck_1-visibility-animation-interpolation"><Name_array id="neck_1-visibility-animation-interpolation-array" count="2">
 BEZIER BEZIER</Name_array><technique_common><accessor source="#neck_1-visibility-animation-interpolation-array" count="2"><param type="name"/></accessor></technique_common></source><sampler id="neck_1-visibility-animation"><input semantic="INPUT" source="#neck_1-visibility-animation-input"/><input semantic="OUTPUT" source="#neck_1-visibility-animation-output"/><input semantic="IN_TANGENT" source="#neck_1-visibility-animation-intan"/><input semantic="OUT_TANGENT" source="#neck_1-visibility-animation-outtan"/><input semantic="INTERPOLATION" source="#neck_1-visibility-animation-interpolation"/></sampler><channel source="#neck_1-visibility-animation" target="neck_1/visibility"/></animation></animation>
    <animation id="neck_2-anim" name="neck_2"><animation><source id="neck_2-Matrix-animation-input"><float_array id="neck_2-Matrix-animation-input-array" count="14">

0.041667 0.083333 0.125000 0.166667 0.208333 0.250000 0.291667 0.333333 0.375000 0.416667 0.458333 0.500000 0.541667 0.583333</float_array><technique_common><accessor source="#neck_2-Matrix-animation-input-array" count="14"><param name="TIME" type="float"/></accessor></technique_common></source><source id="neck_2-Matrix-animation-output-transform"><float_array id="neck_2-Matrix-animation-output-transform-array" count="224">

0.990786 -0.135438 -0.000489 4.345756 0.135439 0.990786 0.000372 -0.000000 0.000434 -0.000434 1.000000 0.000000 0.000000 0.000000 0.000000 1.000000
0.991117 -0.132971 -0.002385 4.345756 0.132965 0.991117 -0.002658 -0.000000 0.002717 0.002318 0.999994 0.000000 0.000000 0.000000 0.000000 1.000000
0.991702 -0.128424 -0.005811 4.345756 0.128367 0.991683 -0.009291 -0.000000 0.006956 0.008468 0.999940 -0.000000 0.000000 0.000000 0.000000 1.000000
0.992001 -0.126017 -0.007293 4.345756 0.125889 0.991917 -0.015906 0.000000 0.009238 0.014861 0.999847 -0.000000 0.000000 0.000000 0.000000 1.000000
0.992023 -0.126010 -0.003343 4.345756 0.125906 0.991796 -0.022114 0.000000 0.006102 0.021516 0.999750 0.000000 0.000000 0.000000 0.000000 1.000000
0.992029 -0.125931 0.004454 4.345756 0.126007 0.991613 -0.028726 0.000000 -0.000799 0.029058 0.999577 0.000000 0.000000 0.000000 0.000000 1.000000
0.991966 -0.125925 0.012082 4.345756 0.126269 0.991414 -0.033979 0.000000 -0.007700 0.035232 0.999349 -0.000000 0.000000 0.000000 0.000000 1.000000
0.991871 -0.126294 0.015533 4.345756 0.126784 0.991273 -0.036114 0.000000 -0.010836 0.037789 0.999227 0.000000 0.000000 0.000000 0.000000 1.000000
0.991738 -0.127471 0.014390 4.345756 0.127890 0.991226 -0.033409 0.000000 -0.010006 0.034973 0.999338 -0.000000 0.000000 0.000000 0.000000 1.000000
0.991532 -0.129353 0.011478 4.345756 0.129619 0.991205 -0.026666 0.000000 -0.007928 0.027928 0.999578 -0.000000 0.000000 0.000000 0.000000 1.000000
0.991289 -0.131485 0.007646 4.345756 0.131604 0.991141 -0.017908 0.000000 -0.005223 0.018758 0.999810 -0.000000 0.000000 0.000000 0.000000 1.000000
0.991049 -0.133449 0.003769 4.345756 0.133479 0.991009 -0.009147 -0.000000 -0.002514 0.009569 0.999951 -0.000000 0.000000 0.000000 0.000000 1.000000
0.990862 -0.134877 0.000750 4.345756 0.134878 0.990859 -0.002389 -0.000000 -0.000421 0.002468 0.999997 -0.000000 0.000000 0.000000 0.000000 1.000000
0.990786 -0.135438 -0.000489 4.345756 0.135439 0.990786 0.000372 0.000000 0.000434 -0.000434 1.000000 0.000000 0.000000 0.000000 0.000000 1.000000</float_array><technique_common><accessor source="#neck_2-Matrix-animation-output-transform-array" count="14" stride="16"><param type="float4x4"/></accessor></technique_common></source><source id="neck_2-Interpolations"><Name_array id="neck_2-Interpolations-array" count="14">
 LINEAR LINEAR LINEAR LINEAR LINEAR LINEAR LINEAR LINEAR LINEAR LINEAR LINEAR
LINEAR LINEAR LINEAR</Name_array><technique_common><accessor source="#neck_2-Interpolations-array" count="14"><param type="name"/></accessor></technique_common></source><sampler id="neck_2-Matrix-animation-transform"><input semantic="INPUT" source="#neck_2-Matrix-animation-input"/><input semantic="OUTPUT" source="#neck_2-Matrix-animation-output-transform"/><input semantic="INTERPOLATION" source="#neck_2-Interpolations"/></sampler><channel source="#neck_2-Matrix-animation-transform" target="neck_2/matrix"/></animation><animation><source id="neck_2-visibility-animation-input"><float_array id="neck_2-visibility-animation-input-array" count="2">

0.041667 0.583333</float_array><technique_common><accessor source="#neck_2-visibility-animation-input-array" count="2"><param name="TIME" type="float"/></accessor></technique_common></source><source id="neck_2-visibility-animation-output"><float_array id="neck_2-visibility-animation-output-array" count="2">

1.000000 1.000000</float_array><technique_common><accessor source="#neck_2-visibility-animation-output-array" count="2"><param type="float"/></accessor></technique_common></source><source id="neck_2-visibility-animation-intan"><float_array id="neck_2-visibility-animation-intan-array" count="2">

0.000000 0.000000</float_array><technique_common><accessor source="#neck_2-visibility-animation-intan-array" count="2"><param type="float"/></accessor></technique_common></source><source id="neck_2-visibility-animation-outtan"><float_array id="neck_2-visibility-animation-outtan-array" count="2">

0.000000 0.000000</float_array><technique_common><accessor source="#neck_2-visibility-animation-outtan-array" count="2"><param type="float"/></accessor></technique_common></source><source id="neck_2-visibility-animation-interpolation"><Name_array id="neck_2-visibility-animation-interpolation-array" count="2">
 BEZIER BEZIER</Name_array><technique_common><accessor source="#neck_2-visibility-animation-interpolation-array" count="2"><param type="name"/></accessor></technique_common></source><sampler id="neck_2-visibility-animation"><input semantic="INPUT" source="#neck_2-visibility-animation-input"/><input semantic="OUTPUT" source="#neck_2-visibility-animation-output"/><input semantic="IN_TANGENT" source="#neck_2-visibility-animation-intan"/><input semantic="OUT_TANGENT" source="#neck_2-visibility-animation-outtan"/><input semantic="INTERPOLATION" source="#neck_2-visibility-animation-interpolation"/></sampler><channel source="#neck_2-visibility-animation" target="neck_2/visibility"/></animation></animation>
    <animation id="neck_3-anim" name="neck_3"><animation><source id="neck_3-Matrix-animation-input"><float_array id="neck_3-Matrix-animation-input-array" count="14">

