<?xml version="1.0" encoding="utf-8"?>
<COLLADA xmlns="http://www.collada.org/2005/11/COLLADASchema" version="1.4.1">
  <asset><contributor><author></author><authoring_tool>FBX COLLADA exporter</authoring_tool><comments></comments></contributor><created>2017-06-13T04:11:21Z</created><keywords></keywords><modified>2017-06-13T04:11:21Z</modified><revision></revision><subject></subject><title></title><unit meter="0.304800" name="centimeter"></unit><up_axis>Y_UP</up_axis></asset>
  <library_animations>
    <animation id="ROOT-anim" name="ROOT"><animation><source id="ROOT-Matrix-animation-input"><float_array id="ROOT-Matrix-animation-input-array" count="39">

0.041667 0.083333 0.125000 0.166667 0.208333 0.250000 0.291667 0.333333 0.375000 0.416667 0.458333 0.500000 0.541667 0.583333 0.625000 0.666667
0.708333 0.750000 0.791667 0.833333 0.875000 0.916667 0.958333 1.000000 1.041667 1.083333 1.125000 1.166667 1.208333 1.250000 1.291667 1.333333
1.375000 1.416667 1.458333 1.500000 1.541667 1.583333 1.625000</float_array><technique_common><accessor source="#ROOT-Matrix-animation-input-array" count="39"><param name="TIME" type="float"/></accessor></technique_common></source><source id="ROOT-Matrix-animation-output-transform"><float_array id="ROOT-Matrix-animation-output-transform-array" count="624">

0.032808 0.000000 0.000000 0.000000 0.000000 0.032808 0.000000 0.000000 0.000000 0.000000 0.032808 0.000000 0.000000 0.000000 0.000000 1.000000
0.032808 0.000000 0.000000 0.000000 0.000000 0.032808 0.000000 0.000000 0.000000 0.000000 0.032808 0.000000 0.000000 0.000000 0.000000 1.000000
0.032808 0.000000 0.000000 0.000000 0.000000 0.032808 0.000000 0.000000 0.000000 0.000000 0.032808 0.000000 0.000000 0.000000 0.000000 1.000000
0.032808 0.000000 0.000000 0.000000 0.000000 0.032808 0.000000 0.000000 0.000000 0.000000 0.032808 0.000000 0.000000 0.000000 0.000000 1.000000
0.032808 0.000000 0.000000 0.000000 0.000000 0.032808 0.000000 0.000000 0.000000 0.000000 0.032808 0.000000 0.000000 0.000000 0.000000 1.000000
0.032808 0.000000 0.000000 0.000000 0.000000 0.032808 0.000000 0.000000 0.000000 0.000000 0.032808 0.000000 0.000000 0.000000 0.000000 1.000000
0.032808 0.000000 0.000000 0.000000 0.000000 0.032808 0.000000 0.000000 0.000000 0.000000 0.032808 0.000000 0.000000 0.000000 0.000000 1.000000
0.032808 0.000000 0.000000 0.000000 0.000000 0.032808 0.000000 0.000000 0.000000 0.000000 0.032808 0.000000 0.000000 0.000000 0.000000 1.000000
0.032808 0.000000 0.000000 0.000000 0.000000 0.032808 0.000000 0.000000 0.000000 0.000000 0.032808 0.000000 0.000000 0.000000 0.000000 1.000000
0.032808 0.000000 0.000000 0.000000 0.000000 0.032808 0.000000 0.000000 0.000000 0.000000 0.032808 0.000000 0.000000 0.000000 0.000000 1.000000
0.032808 0.000000 0.000000 0.000000 0.000000 0.032808 0.000000 0.000000 0.000000 0.000000 0.032808 0.000000 0.000000 0.000000 0.000000 1.000000
0.032808 0.000000 0.000000 0.000000 0.000000 0.032808 0.000000 0.000000 0.000000 0.000000 0.032808 0.000000 0.000000 0.000000 0.000000 1.000000
0.032808 0.000000 0.000000 0.000000 0.000000 0.032808 0.000000 0.000000 0.000000 0.000000 0.032808 0.000000 0.000000 0.000000 0.000000 1.000000
0.032808 0.000000 0.000000 0.000000 0.000000 0.032808 0.000000 0.000000 0.000000 0.000000 0.032808 0.000000 0.000000 0.000000 0.000000 1.000000
0.032808 0.000000 0.000000 0.000000 0.000000 0.032808 0.000000 0.000000 0.000000 0.000000 0.032808 0.000000 0.000000 0.000000 0.000000 1.000000
0.032808 0.000000 0.000000 0.000000 0.000000 0.032808 0.000000 0.000000 0.000000 0.000000 0.032808 0.000000 0.000000 0.000000 0.000000 1.000000
0.032808 0.000000 0.000000 0.000000 0.000000 0.032808 0.000000 0.000000 0.000000 0.000000 0.032808 0.000000 0.000000 0.000000 0.000000 1.000000
0.032808 0.000000 0.000000 0.000000 0.000000 0.032808 0.000000 0.000000 0.000000 0.000000 0.032808 0.000000 0.000000 0.000000 0.000000 1.000000
0.032808 0.000000 0.000000 0.000000 0.000000 0.032808 0.000000 0.000000 0.000000 0.000000 0.032808 0.000000 0.000000 0.000000 0.000000 1.000000
0.032808 0.000000 0.000000 0.000000 0.000000 0.032808 0.000000 0.000000 0.000000 0.000000 0.032808 0.000000 0.000000 0.000000 0.000000 1.000000
0.032808 0.000000 0.000000 0.000000 0.000000 0.032808 0.000000 0.000000 0.000000 0.000000 0.032808 0.000000 0.000000 0.000000 0.000000 1.000000
0.032808 0.000000 0.000000 0.000000 0.000000 0.032808 0.000000 0.000000 0.000000 0.000000 0.032808 0.000000 0.000000 0.000000 0.000000 1.000000
0.032808 0.000000 0.000000 0.000000 0.000000 0.032808 0.000000 0.000000 0.000000 0.000000 0.032808 0.000000 0.000000 0.000000 0.000000 1.000000
0.032808 0.000000 0.000000 0.000000 0.000000 0.032808 0.000000 0.000000 0.000000 0.000000 0.032808 0.000000 0.000000 0.000000 0.000000 1.000000
0.032808 0.000000 0.000000 0.000000 0.000000 0.032808 0.000000 0.000000 0.000000 0.000000 0.032808 0.000000 0.000000 0.000000 0.000000 1.000000
0.032808 0.000000 0.000000 0.000000 0.000000 0.032808 0.000000 0.000000 0.000000 0.000000 0.032808 0.000000 0.000000 0.000000 0.000000 1.000000
0.032808 0.000000 0.000000 0.000000 0.000000 0.032808 0.000000 0.000000 0.000000 0.000000 0.032808 0.000000 0.000000 0.000000 0.000000 1.000000
0.032808 0.000000 0.000000 0.000000 0.000000 0.032808 0.000000 0.000000 0.000000 0.000000 0.032808 0.000000 0.000000 0.000000 0.000000 1.000000
0.032808 0.000000 0.000000 0.000000 0.000000 0.032808 0.000000 0.000000 0.000000 0.000000 0.032808 0.000000 0.000000 0.000000 0.000000 1.000000
0.032808 0.000000 0.000000 0.000000 0.000000 0.032808 0.000000 0.000000 0.000000 0.000000 0.032808 0.000000 0.000000 0.000000 0.000000 1.000000
0.032808 0.000000 0.000000 0.000000 0.000000 0.032808 0.000000 0.000000 0.000000 0.000000 0.032808 0.000000 0.000000 0.000000 0.000000 1.000000
0.032808 0.000000 0.000000 0.000000 0.000000 0.032808 0.000000 0.000000 0.000000 0.000000 0.032808 0.000000 0.000000 0.000000 0.000000 1.000000
0.032808 0.000000 0.000000 0.000000 0.000000 0.032808 0.000000 0.000000 0.000000 0.000000 0.032808 0.000000 0.000000 0.000000 0.000000 1.000000
0.032808 0.000000 0.000000 0.000000 0.000000 0.032808 0.000000 0.000000 0.000000 0.000000 0.032808 0.000000 0.000000 0.000000 0.000000 1.000000
0.032808 0.000000 0.000000 0.000000 0.000000 0.032808 0.000000 0.000000 0.000000 0.000000 0.032808 0.000000 0.000000 0.000000 0.000000 1.000000
0.032808 0.000000 0.000000 0.000000 0.000000 0.032808 0.000000 0.000000 0.000000 0.000000 0.032808 0.000000 0.000000 0.000000 0.000000 1.000000
0.032808 0.000000 0.000000 0.000000 0.000000 0.032808 0.000000 0.000000 0.000000 0.000000 0.032808 0.000000 0.000000 0.000000 0.000000 1.000000
0.032808 0.000000 0.000000 0.000000 0.000000 0.032808 0.000000 0.000000 0.000000 0.000000 0.032808 0.000000 0.000000 0.000000 0.000000 1.000000
0.032808 0.000000 0.000000 0.000000 0.000000 0.032808 0.000000 0.000000 0.000000 0.000000 0.032808 0.000000 0.000000 0.000000 0.000000 1.000000</float_array><technique_common><accessor source="#ROOT-Matrix-animation-output-transform-array" count="39" stride="16"><param type="float4x4"/></accessor></technique_common></source><source id="ROOT-Interpolations"><Name_array id="ROOT-Interpolations-array" count="39">
 LINEAR LINEAR LINEAR LINEAR LINEAR LINEAR LINEAR LINEAR LINEAR LINEAR LINEAR
LINEAR LINEAR LINEAR LINEAR LINEAR LINEAR LINEAR LINEAR LINEAR LINEAR LINEAR LINEAR
LINEAR LINEAR LINEAR LINEAR LINEAR LINEAR LINEAR LINEAR LINEAR LINEAR LINEAR LINEAR
LINEAR LINEAR LINEAR LINEAR</Name_array><technique_common><accessor source="#ROOT-Interpolations-array" count="39"><param type="name"/></accessor></technique_common></source><sampler id="ROOT-Matrix-animation-transform"><input semantic="INPUT" source="#ROOT-Matrix-animation-input"/><input semantic="OUTPUT" source="#ROOT-Matrix-animation-output-transform"/><input semantic="INTERPOLATION" source="#ROOT-Interpolations"/></sampler><channel source="#ROOT-Matrix-animation-transform" target="ROOT/matrix"/></animation><animation><source id="ROOT-visibility-animation-input"><float_array id="ROOT-visibility-animation-input-array" count="2">

0.041667 1.625000</float_array><technique_common><accessor source="#ROOT-visibility-animation-input-array" count="2"><param name="TIME" type="float"/></accessor></technique_common></source><source id="ROOT-visibility-animation-output"><float_array id="ROOT-visibility-animation-output-array" count="2">

1.000000 1.000000</float_array><technique_common><accessor source="#ROOT-visibility-animation-output-array" count="2"><param type="float"/></accessor></technique_common></source><source id="ROOT-visibility-animation-intan"><float_array id="ROOT-visibility-animation-intan-array" count="2">

0.000000 0.000000</float_array><technique_common><accessor source="#ROOT-visibility-animation-intan-array" count="2"><param type="float"/></accessor></technique_common></source><source id="ROOT-visibility-animation-outtan"><float_array id="ROOT-visibility-animation-outtan-array" count="2">

0.000000 0.000000</float_array><technique_common><accessor source="#ROOT-visibility-animation-outtan-array" count="2"><param type="float"/></accessor></technique_common></source><source id="ROOT-visibility-animation-interpolation"><Name_array id="ROOT-visibility-animation-interpolation-array" count="2">
 BEZIER BEZIER</Name_array><technique_common><accessor source="#ROOT-visibility-animation-interpolation-array" count="2"><param type="name"/></accessor></technique_common></source><sampler id="ROOT-visibility-animation"><input semantic="INPUT" source="#ROOT-visibility-animation-input"/><input semantic="OUTPUT" source="#ROOT-visibility-animation-output"/><input semantic="IN_TANGENT" source="#ROOT-visibility-animation-intan"/><input semantic="OUT_TANGENT" source="#ROOT-visibility-animation-outtan"/><input semantic="INTERPOLATION" source="#ROOT-visibility-animation-interpolation"/></sampler><channel source="#ROOT-visibility-animation" target="ROOT/visibility"/></animation></animation>
    <animation id="hip-anim" name="hip"><animation><source id="hip-Matrix-animation-input"><float_array id="hip-Matrix-animation-input-array" count="39">

0.041667 0.083333 0.125000 0.166667 0.208333 0.250000 0.291667 0.333333 0.375000 0.416667 0.458333 0.500000 0.541667 0.583333 0.625000 0.666667
0.708333 0.750000 0.791667 0.833333 0.875000 0.916667 0.958333 1.000000 1.041667 1.083333 1.125000 1.166667 1.208333 1.250000 1.291667 1.333333
1.375000 1.416667 1.458333 1.500000 1.541667 1.583333 1.625000</float_array><technique_common><accessor source="#hip-Matrix-animation-input-array" count="39"><param name="TIME" type="float"/></accessor></technique_common></source><source id="hip-Matrix-animation-output-transform"><float_array id="hip-Matrix-animation-output-transform-array" count="624">

0.000000 -0.000000 -1.000000 0.000000 0.960704 0.277575 0.000000 42.905880 0.277575 -0.960704 0.000000 -18.244541 0.000000 0.000000 0.000000 1.000000
0.000000 -0.000000 -1.000000 0.000000 0.965366 0.260900 0.000000 41.959370 0.260900 -0.965366 0.000000 -18.244541 0.000000 0.000000 0.000000 1.000000
0.000000 -0.000000 -1.000000 0.000000 0.969236 0.246132 0.000000 41.096996 0.246132 -0.969236 0.000000 -18.244541 0.000000 0.000000 0.000000 1.000000
0.000000 -0.000000 -1.000000 0.000000 0.972406 0.233294 0.000000 40.264172 0.233294 -0.972406 0.000000 -18.244541 0.000000 0.000000 0.000000 1.000000
0.000000 -0.000000 -1.000000 0.000000 0.974955 0.222404 0.000000 39.406277 0.222404 -0.974955 0.000000 -18.244541 0.000000 0.000000 0.000000 1.000000
0.000000 -0.000000 -1.000000 0.000000 0.976948 0.213476 0.000000 38.468723 0.213476 -0.976948 0.000000 -18.244541 0.000000 0.000000 0.000000 1.000000
0.000000 -0.000000 -1.000000 0.000000 0.978443 0.206519 0.000000 37.396896 0.206519 -0.978443 0.000000 -18.244541 0.000000 0.000000 0.000000 1.000000
0.000000 -0.000000 -1.000000 0.000000 0.979481 0.201539 0.000000 36.136200 0.201539 -0.979481 0.000000 -18.244541 0.000000 0.000000 0.000000 1.000000
0.000000 -0.000000 -1.000000 0.000000 0.980093 0.198538 0.000000 34.632027 0.198538 -0.980093 0.000000 -18.244541 0.000000 0.000000 0.000000 1.000000
0.000000 -0.000000 -1.000000 0.000000 0.980300 0.197517 0.000000 32.829773 0.197517 -0.980300 0.000000 -18.244541 0.000000 0.000000 0.000000 1.000000
0.000000 -0.000000 -1.000000 0.000000 0.965134 0.261756 0.000000 32.734280 0.261756 -0.965134 0.000000 -18.244541 0.000000 0.000000 0.000000 1.000000
0.000000 -0.000000 -1.000000 0.000000 0.906781 0.421601 0.000000 35.654404 0.421601 -0.906781 0.000000 -18.244541 0.000000 0.000000 0.000000 1.000000
0.000000 -0.000000 -1.000000 0.000000 0.780616 0.625012 0.000000 40.664593 0.625012 -0.780616 0.000000 -18.244541 0.000000 0.000000 0.000000 1.000000
0.000000 -0.000000 -1.000000 0.000000 0.581792 0.813338 0.000000 46.839302 0.813338 -0.581792 0.000000 -18.244541 0.000000 0.000000 0.000000 1.000000
0.000000 -0.000000 -1.000000 0.000000 0.339335 0.940665 0.000000 53.252991 0.940665 -0.339335 0.000000 -18.244541 0.000000 0.000000 0.000000 1.000000
0.000000 -0.000000 -1.000000 0.000000 0.106074 0.994358 0.000000 58.980106 0.994358 -0.106074 0.000000 -18.244541 0.000000 0.000000 0.000000 1.000000
-0.000000 -0.000000 -1.000000 0.000000 -0.064051 0.997947 0.000000 63.095108 0.997947 0.064051 -0.000000 -18.244541 0.000000 0.000000 0.000000 1.000000
-0.000000 -0.000000 -1.000000 0.000000 -0.129745 0.991547 0.000000 64.672455 0.991547 0.129745 -0.000000 -18.244541 0.000000 0.000000 0.000000 1.000000
-0.000000 -0.000000 -1.000000 0.000000 -0.129745 0.991547 0.000000 64.272682 0.991547 0.129745 -0.000000 -18.244541 0.000000 0.000000 0.000000 1.000000
-0.000000 -0.000000 -1.000000 0.000000 -0.129745 0.991547 0.000000 63.153561 0.991547 0.129745 -0.000000 -18.244541 0.000000 0.000000 0.000000 1.000000
-0.000000 -0.000000 -1.000000 0.000000 -0.129745 0.991547 0.000000 61.435410 0.991547 0.129745 -0.000000 -18.244541 0.000000 0.000000 0.000000 1.000000
-0.000000 -0.000000 -1.000000 0.000000 -0.129745 0.991547 0.000000 59.238522 0.991547 0.129745 -0.000000 -18.244541 0.000000 0.000000 0.000000 1.000000
-0.000000 -0.000000 -1.000000 0.000000 -0.129745 0.991547 0.000000 56.683208 0.991547 0.129745 -0.000000 -18.244541 0.000000 0.000000 0.000000 1.000000
-0.000000 -0.000000 -1.000000 0.000000 -0.129745 0.991547 0.000000 53.889778 0.991547 0.129745 -0.000000 -18.244541 0.000000 0.000000 0.000000 1.000000
-0.000000 -0.000000 -1.000000 0.000000 -0.129745 0.991547 0.000000 50.978531 0.991547 0.129745 -0.000000 -18.244541 0.000000 0.000000 0.000000 1.000000
-0.000000 -0.000000 -1.000000 0.000000 -0.129745 0.991547 0.000000 48.069775 0.991547 0.129745 -0.000000 -18.244541 0.000000 0.000000 0.000000 1.000000
-0.000000 -0.000000 -1.000000 0.000000 -0.129745 0.991547 0.000000 45.535145 0.991547 0.129745 -0.000000 -18.244541 0.000000 0.000000 0.000000 1.000000
-0.000000 -0.000000 -1.000000 0.000000 -0.129745 0.991547 0.000000 43.591385 0.991547 0.129745 -0.000000 -18.244541 0.000000 0.000000 0.000000 1.000000
-0.000000 -0.000000 -1.000000 0.000000 -0.129745 0.991547 0.000000 42.165257 0.991547 0.129745 -0.000000 -18.244541 0.000000 0.000000 0.000000 1.000000
-0.000000 -0.000000 -1.000000 0.000000 -0.129745 0.991547 0.000000 41.183537 0.991547 0.129745 -0.000000 -18.244541 0.000000 0.000000 0.000000 1.000000
-0.000000 -0.000000 -1.000000 0.000000 -0.129745 0.991547 0.000000 40.572975 0.991547 0.129745 -0.000000 -18.244541 0.000000 0.000000 0.000000 1.000000
-0.000000 -0.000000 -1.000000 0.000000 -0.129745 0.991547 0.000000 40.260345 0.991547 0.129745 -0.000000 -18.244541 0.000000 0.000000 0.000000 1.000000
-0.000000 -0.000000 -1.000000 0.000000 -0.129745 0.991547 0.000000 40.172413 0.991547 0.129745 -0.000000 -18.244541 0.000000 0.000000 0.000000 1.000000
-0.000000 -0.000000 -1.000000 0.000000 -0.129745 0.991547 0.000000 40.201759 0.991547 0.129745 -0.000000 -18.244541 0.000000 0.000000 0.000000 1.000000
-0.000000 -0.000000 -1.000000 0.000000 -0.129745 0.991547 0.000000 40.275612 0.991547 0.129745 -0.000000 -18.244541 0.000000 0.000000 0.000000 1.000000
-0.000000 -0.000000 -1.000000 0.000000 -0.129745 0.991547 0.000000 40.372719 0.991547 0.129745 -0.000000 -18.244541 0.000000 0.000000 0.000000 1.000000
-0.000000 -0.000000 -1.000000 0.000000 -0.129745 0.991547 0.000000 40.471821 0.991547 0.129745 -0.000000 -18.244541 0.000000 0.000000 0.000000 1.000000
-0.000000 -0.000000 -1.000000 0.000000 -0.129745 0.991547 0.000000 40.551651 0.991547 0.129745 -0.000000 -18.244541 0.000000 0.000000 0.000000 1.000000
-0.000000 -0.000000 -1.000000 0.000000 -0.129745 0.991547 0.000000 40.590946 0.991547 0.129745 -0.000000 -18.244541 0.000000 0.000000 0.000000 1.000000</float_array><technique_common><accessor source="#hip-Matrix-animation-output-transform-array" count="39" stride="16"><param type="float4x4"/></accessor></technique_common></source><source id="hip-Interpolations"><Name_array id="hip-Interpolations-array" count="39">
 LINEAR LINEAR LINEAR LINEAR LINEAR LINEAR LINEAR LINEAR LINEAR LINEAR LINEAR
LINEAR LINEAR LINEAR LINEAR LINEAR LINEAR LINEAR LINEAR LINEAR LINEAR LINEAR LINEAR
LINEAR LINEAR LINEAR LINEAR LINEAR LINEAR LINEAR LINEAR LINEAR LINEAR LINEAR LINEAR
LINEAR LINEAR LINEAR LINEAR</Name_array><technique_common><accessor source="#hip-Interpolations-array" count="39"><param type="name"/></accessor></technique_common></source><sampler id="hip-Matrix-animation-transform"><input semantic="INPUT" source="#hip-Matrix-animation-input"/><input semantic="OUTPUT" source="#hip-Matrix-animation-output-transform"/><input semantic="INTERPOLATION" source="#hip-Interpolations"/></sampler><channel source="#hip-Matrix-animation-transform" target="hip/matrix"/></animation><animation><source id="hip-visibility-animation-input"><float_array id="hip-visibility-animation-input-array" count="2">

0.041667 1.625000</float_array><technique_common><accessor source="#hip-visibility-animation-input-array" count="2"><param name="TIME" type="float"/></accessor></technique_common></source><source id="hip-visibility-animation-output"><float_array id="hip-visibility-animation-output-array" count="2">

1.000000 1.000000</float_array><technique_common><accessor source="#hip-visibility-animation-output-array" count="2"><param type="float"/></accessor></technique_common></source><source id="hip-visibility-animation-intan"><float_array id="hip-visibility-animation-intan-array" count="2">

0.000000 0.000000</float_array><technique_common><accessor source="#hip-visibility-animation-intan-array" count="2"><param type="float"/></accessor></technique_common></source><source id="hip-visibility-animation-outtan"><float_array id="hip-visibility-animation-outtan-array" count="2">

0.000000 0.000000</float_array><technique_common><accessor source="#hip-visibility-animation-outtan-array" count="2"><param type="float"/></accessor></technique_common></source><source id="hip-visibility-animation-interpolation"><Name_array id="hip-visibility-animation-interpolation-array" count="2">
 BEZIER BEZIER</Name_array><technique_common><accessor source="#hip-visibility-animation-interpolation-array" count="2"><param type="name"/></accessor></technique_common></source><sampler id="hip-visibility-animation"><input semantic="INPUT" source="#hip-visibility-animation-input"/><input semantic="OUTPUT" source="#hip-visibility-animation-output"/><input semantic="IN_TANGENT" source="#hip-visibility-animation-intan"/><input semantic="OUT_TANGENT" source="#hip-visibility-animation-outtan"/><input semantic="INTERPOLATION" source="#hip-visibility-animation-interpolation"/></sampler><channel source="#hip-visibility-animation" target="hip/visibility"/></animation></animation>
    <animation id="spine_1-anim" name="spine_1"><animation><source id="spine_1-Matrix-animation-input"><float_array id="spine_1-Matrix-animation-input-array" count="39">

0.041667 0.083333 0.125000 0.166667 0.208333 0.250000 0.291667 0.333333 0.375000 0.416667 0.458333 0.500000 0.541667 0.583333 0.625000 0.666667
0.708333 0.750000 0.791667 0.833333 0.875000 0.916667 0.958333 1.000000 1.041667 1.083333 1.125000 1.166667 1.208333 1.250000 1.291667 1.333333
1.375000 1.416667 1.458333 1.500000 1.541667 1.583333 1.625000</float_array><technique_common><accessor source="#spine_1-Matrix-animation-input-array" count="39"><param name="TIME" type="float"/></accessor></technique_common></source><source id="spine_1-Matrix-animation-output-transform"><float_array id="spine_1-Matrix-animation-output-transform-array" count="624">

0.994775 0.102094 0.000000 4.527083 -0.102094 0.994775 -0.000000 0.000000 0.000000 -0.000000 1.000000 0.000000 0.000000 0.000000 0.000000 1.000000
0.994146 0.108046 -0.000000 4.527083 -0.108046 0.994146 0.000000 0.000000 0.000000 -0.000000 1.000000 0.000000 0.000000 0.000000 0.000000 1.000000
0.992285 0.123978 -0.000000 4.527083 -0.123978 0.992285 0.000000 0.000000 0.000000 -0.000000 1.000000 -0.000000 0.000000 0.000000 0.000000 1.000000
0.989138 0.146987 0.000000 4.527083 -0.146987 0.989138 0.000000 0.000000 0.000000 0.000000 1.000000 0.000000 0.000000 0.000000 0.000000 1.000000
0.984717 0.174161 -0.000000 4.527083 -0.174161 0.984717 0.000000 0.000000 0.000000 0.000000 1.000000 -0.000000 0.000000 0.000000 0.000000 1.000000
0.979259 0.202611 -0.000000 4.527083 -0.202611 0.979259 0.000000 -0.000000 -0.000000 0.000000 1.000000 0.000000 0.000000 0.000000 0.000000 1.000000
0.973311 0.229492 0.000000 4.527083 -0.229492 0.973311 0.000000 0.000000 -0.000000 0.000000 1.000000 -0.000000 0.000000 0.000000 0.000000 1.000000
0.967719 0.252031 -0.000000 4.527083 -0.252031 0.967719 -0.000000 0.000000 -0.000000 -0.000000 1.000000 0.000000 0.000000 0.000000 0.000000 1.000000
0.963552 0.267521 0.000000 4.527083 -0.267521 0.963552 -0.000000 0.000000 0.000000 -0.000000 1.000000 -0.000000 0.000000 0.000000 0.000000 1.000000
0.961934 0.273284 0.000000 4.527083 -0.273284 0.961934 0.000000 0.000000 0.000000 0.000000 1.000000 0.000000 0.000000 0.000000 0.000000 1.000000
0.974840 0.222908 0.000000 4.527083 -0.222908 0.974840 0.000000 0.000000 0.000000 0.000000 1.000000 0.000000 0.000000 0.000000 0.000000 1.000000
0.994926 0.100605 0.000000 4.527083 -0.100605 0.994926 -0.000000 -0.000000 -0.000000 0.000000 1.000000 0.000000 0.000000 0.000000 0.000000 1.000000
0.998884 -0.047231 0.000000 4.527083 0.047231 0.998884 -0.000000 0.000000 -0.000000 0.000000 1.000000 -0.000000 0.000000 0.000000 0.000000 1.000000
0.985369 -0.170433 0.000000 4.527083 0.170433 0.985369 0.000000 0.000000 -0.000000 0.000000 1.000000 0.000000 0.000000 0.000000 0.000000 1.000000
0.975177 -0.221427 0.000000 4.527083 0.221427 0.975177 0.000000 0.000000 -0.000000 -0.000000 1.000000 0.000000 0.000000 0.000000 0.000000 1.000000
0.980417 -0.196932 -0.000000 4.527083 0.196932 0.980417 -0.000000 0.000000 0.000000 -0.000000 1.000000 0.000000 0.000000 0.000000 0.000000 1.000000
0.991085 -0.133228 0.000000 4.527083 0.133228 0.991085 0.000000 0.000000 -0.000000 0.000000 1.000000 0.000000 0.000000 0.000000 0.000000 1.000000
0.998975 -0.045276 0.000000 4.527083 0.045276 0.998975 0.000000 0.000000 0.000000 0.000000 1.000000 0.000000 0.000000 0.000000 0.000000 1.000000
0.998702 0.050930 -0.000000 4.527083 -0.050930 0.998702 0.000000 0.000000 0.000000 0.000000 1.000000 0.000000 0.000000 0.000000 0.000000 1.000000
0.990315 0.138836 0.000000 4.527083 -0.138836 0.990315 0.000000 0.000000 -0.000000 0.000000 1.000000 0.000000 0.000000 0.000000 0.000000 1.000000
0.979287 0.202478 -0.000000 4.527083 -0.202478 0.979287 0.000000 0.000000 0.000000 0.000000 1.000000 0.000000 0.000000 0.000000 0.000000 1.000000
0.973908 0.226943 -0.000000 4.527083 -0.226943 0.973908 -0.000000 0.000000 -0.000000 0.000000 1.000000 0.000000 0.000000 0.000000 0.000000 1.000000
0.973908 0.226943 -0.000000 4.527083 -0.226943 0.973908 -0.000000 0.000000 -0.000000 0.000000 1.000000 0.000000 0.000000 0.000000 0.000000 1.000000
0.973908 0.226943 -0.000000 4.527083 -0.226943 0.973908 -0.000000 0.000000 -0.000000 0.000000 1.000000 0.000000 0.000000 0.000000 0.000000 1.000000
0.973908 0.226943 -0.000000 4.527083 -0.226943 0.973908 -0.000000 0.000000 -0.000000 0.000000 1.000000 0.000000 0.000000 0.000000 0.000000 1.000000
0.973908 0.226943 -0.000000 4.527083 -0.226943 0.973908 -0.000000 0.000000 -0.000000 0.000000 1.000000 0.000000 0.000000 0.000000 0.000000 1.000000
0.974424 0.224707 0.002148 4.527083 -0.224704 0.974426 -0.001517 0.000000 -0.002434 0.000995 0.999997 0.000000 0.000000 0.000000 0.000000 1.000000
0.975353 0.220565 0.006103 4.527083 -0.220540 0.975367 -0.004538 0.000000 -0.006954 0.003080 0.999971 0.000000 0.000000 0.000000 0.000000 1.000000
0.975838 0.218346 0.008090 4.527083 -0.218294 0.975859 -0.006836 0.000000 -0.009387 0.004904 0.999944 -0.000000 0.000000 0.000000 0.000000 1.000000
0.975843 0.218432 0.004112 4.527083 -0.218399 0.975832 -0.007271 0.000000 -0.005601 0.006198 0.999965 0.000000 0.000000 0.000000 0.000000 1.000000
0.975787 0.218680 -0.004288 4.527083 -0.218705 0.975768 -0.006649 0.000000 0.002729 0.007426 0.999969 0.000000 0.000000 0.000000 0.000000 1.000000
0.975614 0.219129 -0.012619 4.527083 -0.219213 0.975660 -0.005716 0.000000 0.011060 0.008343 0.999904 0.000000 0.000000 0.000000 0.000000 1.000000
0.975398 0.219839 -0.016396 4.527083 -0.219949 0.975497 -0.005225 0.000000 0.014846 0.008703 0.999852 0.000000 0.000000 0.000000 0.000000 1.000000
0.975161 0.220975 -0.015182 4.527083 -0.221070 0.975246 -0.004829 0.000000 0.013739 0.008066 0.999873 0.000000 0.000000 0.000000 0.000000 1.000000
0.974863 0.222476 -0.012138 4.527083 -0.222536 0.974917 -0.003867 0.000000 0.010973 0.006471 0.999919 0.000000 0.000000 0.000000 0.000000 1.000000
0.974538 0.224074 -0.008175 4.527083 -0.224102 0.974562 -0.002633 0.000000 0.007377 0.004398 0.999963 -0.000000 0.000000 0.000000 0.000000 1.000000
0.974231 0.225512 -0.004208 4.527083 -0.225519 0.974238 -0.001413 0.000000 0.003781 0.002325 0.999990 0.000000 0.000000 0.000000 0.000000 1.000000
0.974000 0.226546 -0.001153 4.527083 -0.226547 0.974000 -0.000482 0.000000 0.001014 0.000730 0.999999 0.000000 0.000000 0.000000 0.000000 1.000000
0.973908 0.226943 0.000069 4.527083 -0.226943 0.973908 -0.000111 0.000000 -0.000092 0.000092 1.000000 0.000000 0.000000 0.000000 0.000000 1.000000</float_array><technique_common><accessor source="#spine_1-Matrix-animation-output-transform-array" count="39" stride="16"><param type="float4x4"/></accessor></technique_common></source><source id="spine_1-Interpolations"><Name_array id="spine_1-Interpolations-array" count="39">
 LINEAR LINEAR LINEAR LINEAR LINEAR LINEAR LINEAR LINEAR LINEAR LINEAR LINEAR
LINEAR LINEAR LINEAR LINEAR LINEAR LINEAR LINEAR LINEAR LINEAR LINEAR LINEAR LINEAR
LINEAR LINEAR LINEAR LINEAR LINEAR LINEAR LINEAR LINEAR LINEAR LINEAR LINEAR LINEAR
LINEAR LINEAR LINEAR LINEAR</Name_array><technique_common><accessor source="#spine_1-Interpolations-array" count="39"><param type="name"/></accessor></technique_common></source><sampler id="spine_1-Matrix-animation-transform"><input semantic="INPUT" source="#spine_1-Matrix-animation-input"/><input semantic="OUTPUT" source="#spine_1-Matrix-animation-output-transform"/><input semantic="INTERPOLATION" source="#spine_1-Interpolations"/></sampler><channel source="#spine_1-Matrix-animation-transform" target="spine_1/matrix"/></animation><animation><source id="spine_1-visibility-animation-input"><float_array id="spine_1-visibility-animation-input-array" count="2">

0.041667 1.625000</float_array><technique_common><accessor source="#spine_1-visibility-animation-input-array" count="2"><param name="TIME" type="float"/></accessor></technique_common></source><source id="spine_1-visibility-animation-output"><float_array id="spine_1-visibility-animation-output-array" count="2">

1.000000 1.000000</float_array><technique_common><accessor source="#spine_1-visibility-animation-output-array" count="2"><param type="float"/></accessor></technique_common></source><source id="spine_1-visibility-animation-intan"><float_array id="spine_1-visibility-animation-intan-array" count="2">

0.000000 0.000000</float_array><technique_common><accessor source="#spine_1-visibility-animation-intan-array" count="2"><param type="float"/></accessor></technique_common></source><source id="spine_1-visibility-animation-outtan"><float_array id="spine_1-visibility-animation-outtan-array" count="2">

0.000000 0.000000</float_array><technique_common><accessor source="#spine_1-visibility-animation-outtan-array" count="2"><param type="float"/></accessor></technique_common></source><source id="spine_1-visibility-animation-interpolation"><Name_array id="spine_1-visibility-animation-interpolation-array" count="2">
 BEZIER BEZIER</Name_array><technique_common><accessor source="#spine_1-visibility-animation-interpolation-array" count="2"><param type="name"/></accessor></technique_common></source><sampler id="spine_1-visibility-animation"><input semantic="INPUT" source="#spine_1-visibility-animation-input"/><input semantic="OUTPUT" source="#spine_1-visibility-animation-output"/><input semantic="IN_TANGENT" source="#spine_1-visibility-animation-intan"/><input semantic="OUT_TANGENT" source="#spine_1-visibility-animation-outtan"/><input semantic="INTERPOLATION" source="#spine_1-visibility-animation-interpolation"/></sampler><channel source="#spine_1-visibility-animation" target="spine_1/visibility"/></animation></animation>
    <animation id="spine_2-anim" name="spine_2"><animation><source id="spine_2-Matrix-animation-input"><float_array id="spine_2-Matrix-animation-input-array" count="39">

0.041667 0.083333 0.125000 0.166667 0.208333 0.250000 0.291667 0.333333 0.375000 0.416667 0.458333 0.500000 0.541667 0.583333 0.625000 0.666667
0.708333 0.750000 0.791667 0.833333 0.875000 0.916667 0.958333 1.000000 1.041667 1.083333 1.125000 1.166667 1.208333 1.250000 1.291667 1.333333
1.375000 1.416667 1.458333 1.500000 1.541667 1.583333 1.625000</float_array><technique_common><accessor source="#spine_2-Matrix-animation-input-array" count="39"><param name="TIME" type="float"/></accessor></technique_common></source><source id="spine_2-Matrix-animation-output-transform"><float_array id="spine_2-Matrix-animation-output-transform-array" count="624">

0.999643 -0.026705 0.000000 4.317346 0.026705 0.999643 0.000000 0.000000 -0.000000 0.000000 1.000000 0.000000 0.000000 0.000000 0.000000 1.000000
0.999466 -0.032666 0.000000 4.317346 0.032666 0.999466 0.000000 0.000000 0.000000 -0.000000 1.000000 -0.000000 0.000000 0.000000 0.000000 1.000000
0.998868 -0.047562 -0.000000 4.317346 0.047562 0.998868 0.000000 0.000000 -0.000000 0.000000 1.000000 -0.000000 0.000000 0.000000 0.000000 1.000000
0.997759 -0.066911 -0.000000 4.317346 0.066911 0.997759 0.000000 0.000000 0.000000 -0.000000 1.000000 -0.000000 0.000000 0.000000 0.000000 1.000000
0.996275 -0.086235 -0.000000 4.317346 0.086235 0.996275 0.000000 0.000000 0.000000 0.000000 1.000000 -0.000000 0.000000 0.000000 0.000000 1.000000
0.994879 -0.101077 0.000000 4.317346 0.101077 0.994879 -0.000000 0.000000 -0.000000 -0.000000 1.000000 -0.000000 0.000000 0.000000 0.000000 1.000000
0.994258 -0.107008 -0.000000 4.317346 0.107008 0.994258 -0.000000 0.000000 -0.000000 -0.000000 1.000000 0.000000 0.000000 0.000000 0.000000 1.000000
0.994258 -0.107008 0.000000 4.317346 0.107008 0.994258 0.000000 0.000000 0.000000 -0.000000 1.000000 0.000000 0.000000 0.000000 0.000000 1.000000
0.994258 -0.107008 0.000000 4.317346 0.107008 0.994258 0.000000 0.000000 0.000000 -0.000000 1.000000 0.000000 0.000000 0.000000 0.000000 1.000000
0.994258 -0.107008 -0.000000 4.317346 0.107008 0.994258 0.000000 0.000000 0.000000 0.000000 1.000000 -0.000000 0.000000 0.000000 0.000000 1.000000
0.994258 -0.107008 0.000000 4.317346 0.107008 0.994258 -0.000000 0.000000 0.000000 -0.000000 1.000000 -0.000000 0.000000 0.000000 0.000000 1.000000
0.994258 -0.107008 0.000000 4.317346 0.107008 0.994258 0.000000 0.000000 0.000000 0.000000 1.000000 0.000000 0.000000 0.000000 0.000000 1.000000
0.994258 -0.107008 -0.000000 4.317346 0.107008 0.994258 0.000000 0.000000 0.000000 0.000000 1.000000 0.000000 0.000000 0.000000 0.000000 1.000000
0.994258 -0.107008 -0.000000 4.317346 0.107008 0.994258 -0.000000 -0.000000 0.000000 -0.000000 1.000000 -0.000000 0.000000 0.000000 0.000000 1.000000
0.994258 -0.107008 0.000000 4.317346 0.107008 0.994258 -0.000000 0.000000 0.000000 0.000000 1.000000 0.000000 0.000000 0.000000 0.000000 1.000000
0.994258 -0.107008 0.000000 4.317346 0.107008 0.994258 0.000000 0.000000 0.000000 -0.000000 1.000000 -0.000000 0.000000 0.000000 0.000000 1.000000
0.994258 -0.107008 0.000000 4.317346 0.107008 0.994258 0.000000 0.000000 0.000000 0.000000 1.000000 0.000000 0.000000 0.000000 0.000000 1.000000
0.994258 -0.107008 0.000000 4.317346 0.107008 0.994258 -0.000000 0.000000 -0.000000 -0.000000 1.000000 0.000000 0.000000 0.000000 0.000000 1.000000
0.994258 -0.107008 -0.000000 4.317346 0.107008 0.994258 -0.000000 0.000000 0.000000 0.000000 1.000000 0.000000 0.000000 0.000000 0.000000 1.000000
0.994258 -0.107008 -0.000000 4.317346 0.107008 0.994258 -0.000000 0.000000 0.000000 -0.000000 1.000000 0.000000 0.000000 0.000000 0.000000 1.000000
0.994258 -0.107008 0.000000 4.317346 0.107008 0.994258 -0.000000 0.000000 -0.000000 0.000000 1.000000 0.000000 0.000000 0.000000 0.000000 1.000000
0.994258 -0.107008 0.000000 4.317346 0.107008 0.994258 0.000000 0.000000 0.000000 0.000000 1.000000 0.000000 0.000000 0.000000 0.000000 1.000000
0.994258 -0.107008 0.000000 4.317346 0.107008 0.994258 0.000000 0.000000 0.000000 0.000000 1.000000 0.000000 0.000000 0.000000 0.000000 1.000000
0.994258 -0.107008 0.000000 4.317346 0.107008 0.994258 0.000000 0.000000 0.000000 0.000000 1.000000 -0.000000 0.000000 0.000000 0.000000 1.000000
0.994258 -0.107008 0.000000 4.317346 0.107008 0.994258 0.000000 0.000000 0.000000 0.000000 1.000000 0.000000 0.000000 0.000000 0.000000 1.000000
0.994258 -0.107008 0.000000 4.317346 0.107008 0.994258 0.000000 0.000000 0.000000 0.000000 1.000000 0.000000 0.000000 0.000000 0.000000 1.000000
0.994258 -0.107008 0.000000 4.317346 0.107008 0.994258 0.000000 0.000000 -0.000000 0.000000 1.000000 -0.000000 0.000000 0.000000 0.000000 1.000000
0.994258 -0.107008 -0.000000 4.317346 0.107008 0.994258 0.000000 0.000000 0.000000 0.000000 1.000000 0.000000 0.000000 0.000000 0.000000 1.000000
0.994258 -0.107008 0.000000 4.317346 0.107008 0.994258 -0.000000 0.000000 0.000000 -0.000000 1.000000 -0.000000 0.000000 0.000000 0.000000 1.000000
0.994258 -0.107008 0.000000 4.317346 0.107008 0.994258 -0.000000 0.000000 0.000000 -0.000000 1.000000 0.000000 0.000000 0.000000 0.000000 1.000000
0.994258 -0.107008 0.000000 4.317346 0.107008 0.994258 0.000000 0.000000 -0.000000 0.000000 1.000000 0.000000 0.000000 0.000000 0.000000 1.000000
0.994258 -0.107008 0.000000 4.317346 0.107008 0.994258 0.000000 0.000000 -0.000000 -0.000000 1.000000 -0.000000 0.000000 0.000000 0.000000 1.000000
0.994258 -0.107008 -0.000000 4.317346 0.107008 0.994258 0.000000 0.000000 0.000000 0.000000 1.000000 0.000000 0.000000 0.000000 0.000000 1.000000
0.994258 -0.107008 -0.000000 4.317346 0.107008 0.994258 -0.000000 -0.000000 -0.000000 -0.000000 1.000000 -0.000000 0.000000 0.000000 0.000000 1.000000
0.994258 -0.107008 0.000000 4.317346 0.107008 0.994258 -0.000000 0.000000 0.000000 -0.000000 1.000000 0.000000 0.000000 0.000000 0.000000 1.000000
0.994258 -0.107008 -0.000000 4.317346 0.107008 0.994258 -0.000000 -0.000000 0.000000 0.000000 1.000000 0.000000 0.000000 0.000000 0.000000 1.000000
0.994258 -0.107008 0.000000 4.317346 0.107008 0.994258 -0.000000 0.000000 0.000000 0.000000 1.000000 0.000000 0.000000 0.000000 0.000000 1.000000
0.994258 -0.107008 0.000000 4.317346 0.107008 0.994258 0.000000 -0.000000 -0.000000 0.000000 1.000000 -0.000000 0.000000 0.000000 0.000000 1.000000
0.994258 -0.107008 0.000000 4.317346 0.107008 0.994258 0.000000 0.000000 0.000000 0.000000 1.000000 0.000000 0.000000 0.000000 0.000000 1.000000</float_array><technique_common><accessor source="#spine_2-Matrix-animation-output-transform-array" count="39" stride="16"><param type="float4x4"/></accessor></technique_common></source><source id="spine_2-Interpolations"><Name_array id="spine_2-Interpolations-array" count="39">
 LINEAR LINEAR LINEAR LINEAR LINEAR LINEAR LINEAR LINEAR LINEAR LINEAR LINEAR
LINEAR LINEAR LINEAR LINEAR LINEAR LINEAR LINEAR LINEAR LINEAR LINEAR LINEAR LINEAR
LINEAR LINEAR LINEAR LINEAR LINEAR LINEAR LINEAR LINEAR LINEAR LINEAR LINEAR LINEAR
LINEAR LINEAR LINEAR LINEAR</Name_array><technique_common><accessor source="#spine_2-Interpolations-array" count="39"><param type="name"/></accessor></technique_common></source><sampler id="spine_2-Matrix-animation-transform"><input semantic="INPUT" source="#spine_2-Matrix-animation-input"/><input semantic="OUTPUT" source="#spine_2-Matrix-animation-output-transform"/><input semantic="INTERPOLATION" source="#spine_2-Interpolations"/></sampler><channel source="#spine_2-Matrix-animation-transform" target="spine_2/matrix"/></animation><animation><source id="spine_2-visibility-animation-input"><float_array id="spine_2-visibility-animation-input-array" count="2">

0.041667 1.625000</float_array><technique_common><accessor source="#spine_2-visibility-animation-input-array" count="2"><param name="TIME" type="float"/></accessor></technique_common></source><source id="spine_2-visibility-animation-output"><float_array id="spine_2-visibility-animation-output-array" count="2">

1.000000 1.000000</float_array><technique_common><accessor source="#spine_2-visibility-animation-output-array" count="2"><param type="float"/></accessor></technique_common></source><source id="spine_2-visibility-animation-intan"><float_array id="spine_2-visibility-animation-intan-array" count="2">

0.000000 0.000000</float_array><technique_common><accessor source="#spine_2-visibility-animation-intan-array" count="2"><param type="float"/></accessor></technique_common></source><source id="spine_2-visibility-animation-outtan"><float_array id="spine_2-visibility-animation-outtan-array" count="2">

0.000000 0.000000</float_array><technique_common><accessor source="#spine_2-visibility-animation-outtan-array" count="2"><param type="float"/></accessor></technique_common></source><source id="spine_2-visibility-animation-interpolation"><Name_array id="spine_2-visibility-animation-interpolation-array" count="2">
 BEZIER BEZIER</Name_array><technique_common><accessor source="#spine_2-visibility-animation-interpolation-array" count="2"><param type="name"/></accessor></technique_common></source><sampler id="spine_2-visibility-animation"><input semantic="INPUT" source="#spine_2-visibility-animation-input"/><input semantic="OUTPUT" source="#spine_2-visibility-animation-output"/><input semantic="IN_TANGENT" source="#spine_2-visibility-animation-intan"/><input semantic="OUT_TANGENT" source="#spine_2-visibility-animation-outtan"/><input semantic="INTERPOLATION" source="#spine_2-visibility-animation-interpolation"/></sampler><channel source="#spine_2-visibility-animation" target="spine_2/visibility"/></animation></animation>
    <animation id="chest-anim" name="chest"><animation><source id="chest-Matrix-animation-input"><float_array id="chest-Matrix-animation-input-array" count="39">

0.041667 0.083333 0.125000 0.166667 0.208333 0.250000 0.291667 0.333333 0.375000 0.416667 0.458333 0.500000 0.541667 0.583333 0.625000 0.666667
0.708333 0.750000 0.791667 0.833333 0.875000 0.916667 0.958333 1.000000 1.041667 1.083333 1.125000 1.166667 1.208333 1.250000 1.291667 1.333333
1.375000 1.416667 1.458333 1.500000 1.541667 1.583333 1.625000</float_array><technique_common><accessor source="#chest-Matrix-animation-input-array" count="39"><param name="TIME" type="float"/></accessor></technique_common></source><source id="chest-Matrix-animation-output-transform"><float_array id="chest-Matrix-animation-output-transform-array" count="624">

