<?xml version="1.0" encoding="utf-8"?>
<COLLADA xmlns="http://www.collada.org/2005/11/COLLADASchema" version="1.4.1">
  <asset><contributor><author></author><authoring_tool>FBX COLLADA exporter</authoring_tool><comments></comments></contributor><created>2017-06-14T16:36:14Z</created><keywords></keywords><modified>2017-06-14T16:36:14Z</modified><revision></revision><subject></subject><title></title><unit meter="1.000000" name="centimeter"></unit><up_axis>Y_UP</up_axis></asset>
  <library_animations>
    <animation id="hip-anim" name="hip"><animation><source id="hip-Matrix-animation-input"><float_array id="hip-Matrix-animation-input-array" count="96">

0.000000 0.041667 0.083333 0.125000 0.166667 0.208333 0.250000 0.291667 0.333333 0.375000 0.416667 0.458333 0.500000 0.541667 0.583333 0.625000
0.666667 0.708333 0.750000 0.791667 0.833333 0.875000 0.916667 0.958333 1.000000 1.041667 1.083333 1.125000 1.166667 1.208333 1.250000 1.291667
1.333333 1.375000 1.416667 1.458333 1.500000 1.541667 1.583333 1.625000 1.666667 1.708333 1.750000 1.791667 1.833333 1.875000 1.916667 1.958333
2.000000 2.041667 2.083333 2.125000 2.166667 2.208333 2.250000 2.291667 2.333333 2.375000 2.416667 2.458333 2.500000 2.541667 2.583333 2.625000
2.666667 2.708333 2.750000 2.791667 2.833333 2.875000 2.916667 2.958333 3.000000 3.041667 3.083333 3.125000 3.166667 3.208333 3.250000 3.291667
3.333333 3.375000 3.416667 3.458333 3.500000 3.541667 3.583333 3.625000 3.666667 3.708333 3.750000 3.791667 3.833333 3.875000 3.916667 3.958333</float_array><technique_common><accessor source="#hip-Matrix-animation-input-array" count="96"><param name="TIME" type="float"/></accessor></technique_common></source><source id="hip-Matrix-animation-output-transform"><float_array id="hip-Matrix-animation-output-transform-array" count="1536">

0.000000 -0.000000 0.010000 0.000000 0.009941 0.001082 -0.000000 0.754328 -0.001082 0.009941 0.000000 0.043144 0.000000 0.000000 0.000000 1.000000
0.000000 -0.000000 0.010000 0.000000 0.009941 0.001082 -0.000000 0.754328 -0.001082 0.009941 0.000000 0.043144 0.000000 0.000000 0.000000 1.000000
0.000000 -0.000000 0.010000 0.000000 0.009941 0.001082 -0.000000 0.714124 -0.001082 0.009941 0.000000 -0.019263 0.000000 0.000000 0.000000 1.000000
0.000000 -0.000000 0.010000 0.000000 0.009941 0.001082 -0.000000 0.673919 -0.001082 0.009941 0.000000 -0.081669 0.000000 0.000000 0.000000 1.000000
0.000000 -0.000000 0.010000 0.000000 0.009964 0.000846 -0.000000 0.674662 -0.000846 0.009964 0.000000 -0.080516 0.000000 0.000000 0.000000 1.000000
0.000000 -0.000000 0.010000 0.000000 0.009997 0.000235 -0.000000 0.676578 -0.000235 0.009997 0.000000 -0.077542 0.000000 0.000000 0.000000 1.000000
0.000000 -0.000000 0.010000 0.000000 0.009982 -0.000601 -0.000000 0.679198 0.000601 0.009982 0.000000 -0.073475 0.000000 0.000000 0.000000 1.000000
0.000000 -0.000000 0.010000 0.000000 0.009886 -0.001507 -0.000000 0.682052 0.001507 0.009886 0.000000 -0.069045 0.000000 0.000000 0.000000 1.000000
0.000000 -0.000000 0.010000 0.000000 0.009725 -0.002328 -0.000000 0.684672 0.002328 0.009725 0.000000 -0.064978 0.000000 0.000000 0.000000 1.000000
0.000000 -0.000000 0.010000 0.000000 0.009565 -0.002918 -0.000000 0.686588 0.002918 0.009565 0.000000 -0.062004 0.000000 0.000000 0.000000 1.000000
0.000000 -0.000000 0.010000 0.000000 0.009493 -0.003144 -0.000000 0.687331 0.003144 0.009493 0.000000 -0.060851 0.000000 0.000000 0.000000 1.000000
0.000000 -0.000000 0.010000 0.000000 0.009530 -0.003030 -0.000000 0.686955 0.003030 0.009530 0.000000 -0.061434 0.000000 0.000000 0.000000 1.000000
0.000000 -0.000000 0.010000 0.000000 0.009623 -0.002719 -0.000000 0.685936 0.002719 0.009623 0.000000 -0.063016 0.000000 0.000000 0.000000 1.000000
0.000000 -0.000000 0.010000 0.000000 0.009743 -0.002254 -0.000000 0.684434 0.002254 0.009743 0.000000 -0.065348 0.000000 0.000000 0.000000 1.000000
0.000000 -0.000000 0.010000 0.000000 0.009857 -0.001683 -0.000000 0.682610 0.001683 0.009857 0.000000 -0.068179 0.000000 0.000000 0.000000 1.000000
0.000000 -0.000000 0.010000 0.000000 0.009944 -0.001055 -0.000000 0.680625 0.001055 0.009944 0.000000 -0.071260 0.000000 0.000000 0.000000 1.000000
0.000000 -0.000000 0.010000 0.000000 0.009991 -0.000423 -0.000000 0.678640 0.000423 0.009991 0.000000 -0.074341 0.000000 0.000000 0.000000 1.000000
0.000000 -0.000000 0.010000 0.000000 0.009999 0.000159 -0.000000 0.676816 -0.000159 0.009999 0.000000 -0.077172 0.000000 0.000000 0.000000 1.000000
0.000000 -0.000000 0.010000 0.000000 0.009980 0.000639 -0.000000 0.675314 -0.000639 0.009980 0.000000 -0.079504 0.000000 0.000000 0.000000 1.000000
0.000000 -0.000000 0.010000 0.000000 0.009954 0.000963 -0.000000 0.674295 -0.000963 0.009954 0.000000 -0.081086 0.000000 0.000000 0.000000 1.000000
0.000000 -0.000000 0.010000 0.000000 0.009941 0.001082 -0.000000 0.673919 -0.001082 0.009941 0.000000 -0.081669 0.000000 0.000000 0.000000 1.000000
0.000000 -0.000000 0.010000 0.000000 0.009941 0.001082 -0.000000 0.676171 -0.001082 0.009941 0.000000 -0.078174 0.000000 0.000000 0.000000 1.000000
0.000000 -0.000000 0.010000 0.000000 0.009941 0.001082 -0.000000 0.682282 -0.001082 0.009941 0.000000 -0.068688 0.000000 0.000000 0.000000 1.000000
0.000000 -0.000000 0.010000 0.000000 0.009941 0.001082 -0.000000 0.691288 -0.001082 0.009941 0.000000 -0.054709 0.000000 0.000000 0.000000 1.000000
0.000000 -0.000000 0.010000 0.000000 0.009941 0.001082 -0.000000 0.702223 -0.001082 0.009941 0.000000 -0.037735 0.000000 0.000000 0.000000 1.000000
0.000000 -0.000000 0.010000 0.000000 0.009941 0.001082 -0.000000 0.714124 -0.001082 0.009941 0.000000 -0.019263 0.000000 0.000000 0.000000 1.000000
0.000000 -0.000000 0.010000 0.000000 0.009941 0.001082 -0.000000 0.726024 -0.001082 0.009941 0.000000 -0.000790 0.000000 0.000000 0.000000 1.000000
0.000000 -0.000000 0.010000 0.000000 0.009941 0.001082 -0.000000 0.736960 -0.001082 0.009941 0.000000 0.016184 0.000000 0.000000 0.000000 1.000000
0.000000 -0.000000 0.010000 0.000000 0.009941 0.001082 -0.000000 0.745966 -0.001082 0.009941 0.000000 0.030163 0.000000 0.000000 0.000000 1.000000
0.000000 -0.000000 0.010000 0.000000 0.009941 0.001082 -0.000000 0.752077 -0.001082 0.009941 0.000000 0.039649 0.000000 0.000000 0.000000 1.000000
0.000000 -0.000000 0.010000 0.000000 0.009941 0.001082 -0.000000 0.754328 -0.001082 0.009941 0.000000 0.043144 0.000000 0.000000 0.000000 1.000000
0.000000 -0.000000 0.010000 0.000000 0.009941 0.001082 -0.000000 0.747910 -0.001082 0.009941 0.000000 0.043843 0.000000 0.000000 0.000000 1.000000
0.000000 -0.000000 0.010000 0.000000 0.009941 0.001082 -0.000000 0.733790 -0.001082 0.009941 0.000000 0.045380 0.000000 0.000000 0.000000 1.000000
0.000000 -0.000000 0.010000 0.000000 0.009941 0.001082 -0.000000 0.719670 -0.001082 0.009941 0.000000 0.046917 0.000000 0.000000 0.000000 1.000000
0.000000 -0.000000 0.010000 0.000000 0.009941 0.001082 -0.000000 0.713252 -0.001082 0.009941 0.000000 0.047616 0.000000 0.000000 0.000000 1.000000
0.000000 -0.000000 0.010000 0.000000 0.009941 0.001082 -0.000000 0.714403 -0.001082 0.009941 0.000000 0.047491 0.000000 0.000000 0.000000 1.000000
0.000000 -0.000000 0.010000 0.000000 0.009941 0.001082 -0.000000 0.717524 -0.001082 0.009941 0.000000 0.047151 0.000000 0.000000 0.000000 1.000000
0.000000 -0.000000 0.010000 0.000000 0.009941 0.001082 -0.000000 0.722125 -0.001082 0.009941 0.000000 0.046650 0.000000 0.000000 0.000000 1.000000
0.000000 -0.000000 0.010000 0.000000 0.009941 0.001082 -0.000000 0.727711 -0.001082 0.009941 0.000000 0.046042 0.000000 0.000000 0.000000 1.000000
0.000000 -0.000000 0.010000 0.000000 0.009941 0.001082 -0.000000 0.733790 -0.001082 0.009941 0.000000 0.045380 0.000000 0.000000 0.000000 1.000000
0.000000 -0.000000 0.010000 0.000000 0.009941 0.001082 -0.000000 0.739869 -0.001082 0.009941 0.000000 0.044718 0.000000 0.000000 0.000000 1.000000
0.000000 -0.000000 0.010000 0.000000 0.009941 0.001082 -0.000000 0.745456 -0.001082 0.009941 0.000000 0.044110 0.000000 0.000000 0.000000 1.000000
0.000000 -0.000000 0.010000 0.000000 0.009941 0.001082 -0.000000 0.750056 -0.001082 0.009941 0.000000 0.043609 0.000000 0.000000 0.000000 1.000000
0.000000 -0.000000 0.010000 0.000000 0.009941 0.001082 -0.000000 0.753178 -0.001082 0.009941 0.000000 0.043269 0.000000 0.000000 0.000000 1.000000
0.000000 -0.000000 0.010000 0.000000 0.009941 0.001082 -0.000000 0.754328 -0.001082 0.009941 0.000000 0.043144 0.000000 0.000000 0.000000 1.000000
-0.000003 -0.000020 0.010000 -0.000011 0.009943 0.001062 0.000005 0.753975 -0.001062 0.009943 0.000020 0.042986 0.000000 0.000000 0.000000 1.000000
-0.000010 -0.000084 0.010000 -0.000036 0.009949 0.001009 0.000018 0.751585 -0.001009 0.009949 0.000083 0.042599 0.000000 0.000000 0.000000 1.000000
-0.000020 -0.000200 0.009998 -0.000066 0.009956 0.000933 0.000039 0.745159 -0.000934 0.009954 0.000197 0.042113 0.000000 0.000000 0.000000 1.000000
-0.000032 -0.000373 0.009993 -0.000091 0.009964 0.000846 0.000063 0.732697 -0.000848 0.009957 0.000368 0.041659 0.000000 0.000000 0.000000 1.000000
-0.000043 -0.000609 0.009981 -0.000102 0.009971 0.000758 0.000090 0.712203 -0.000762 0.009953 0.000604 0.041366 0.000000 0.000000 0.000000 1.000000
-0.000056 -0.000893 0.009960 -0.000099 0.009977 0.000661 0.000115 0.681765 -0.000669 0.009938 0.000887 0.041279 0.000000 0.000000 0.000000 1.000000
-0.000071 -0.001202 0.009927 -0.000091 0.009984 0.000548 0.000137 0.642668 -0.000560 0.009912 0.001196 0.041335 0.000000 0.000000 0.000000 1.000000
-0.000087 -0.001530 0.009882 -0.000080 0.009990 0.000423 0.000153 0.597706 -0.000442 0.009873 0.001524 0.041503 0.000000 0.000000 0.000000 1.000000
-0.000103 -0.001872 0.009823 -0.000066 0.009994 0.000294 0.000161 0.549674 -0.000319 0.009819 0.001868 0.041749 0.000000 0.000000 0.000000 1.000000
-0.000120 -0.002224 0.009749 -0.000051 0.009997 0.000167 0.000161 0.501366 -0.000199 0.009748 0.002221 0.042044 0.000000 0.000000 0.000000 1.000000
-0.000135 -0.002580 0.009660 -0.000036 0.009999 0.000049 0.000152 0.455575 -0.000086 0.009661 0.002579 0.042356 0.000000 0.000000 0.000000 1.000000
-0.000148 -0.002936 0.009558 -0.000022 0.009999 -0.000054 0.000138 0.415096 0.000011 0.009559 0.002936 0.042654 0.000000 0.000000 0.000000 1.000000
-0.000158 -0.003286 0.009443 -0.000011 0.009998 -0.000136 0.000120 0.382723 0.000089 0.009444 0.003287 0.042905 0.000000 0.000000 0.000000 1.000000
-0.000165 -0.003626 0.009318 -0.000003 0.009998 -0.000190 0.000103 0.361250 0.000140 0.009318 0.003628 0.043079 0.000000 0.000000 0.000000 1.000000
-0.000168 -0.003952 0.009184 0.000000 0.009997 -0.000211 0.000092 0.353472 0.000158 0.009184 0.003954 0.043144 0.000000 0.000000 0.000000 1.000000
-0.000147 -0.004435 0.008962 0.000000 0.009998 -0.000169 0.000081 0.372734 0.000115 0.008961 0.004436 0.043144 0.000000 0.000000 0.000000 1.000000
-0.000084 -0.004822 0.008760 0.000000 0.010000 -0.000042 0.000073 0.425019 0.000001 0.008760 0.004823 0.043144 0.000000 0.000000 0.000000 1.000000
0.000024 -0.005154 0.008569 0.000000 0.009999 0.000155 0.000066 0.502068 -0.000167 0.008568 0.005154 0.043144 0.000000 0.000000 0.000000 1.000000
0.000179 -0.005467 0.008372 0.000000 0.009992 0.000408 0.000053 0.595629 -0.000371 0.008364 0.005469 0.043144 0.000000 0.000000 0.000000 1.000000
0.000384 -0.005791 0.008144 0.000000 0.009975 0.000705 0.000031 0.697446 -0.000592 0.008122 0.005803 0.043144 0.000000 0.000000 0.000000 1.000000
0.000642 -0.006154 0.007856 0.000000 0.009946 0.001035 -0.000002 0.799262 -0.000812 0.007814 0.006188 0.043144 0.000000 0.000000 0.000000 1.000000
0.000954 -0.006577 0.007472 0.000000 0.009903 0.001391 -0.000041 0.892823 -0.001012 0.007403 0.006646 0.043144 0.000000 0.000000 0.000000 1.000000
0.001323 -0.007069 0.006949 0.000000 0.009842 0.001767 -0.000077 0.969873 -0.001173 0.006849 0.007191 0.043144 0.000000 0.000000 0.000000 1.000000
0.001750 -0.007620 0.006235 -0.000000 0.009763 0.002164 -0.000095 1.022157 -0.001277 0.006103 0.007818 0.043144 0.000000 0.000000 0.000000 1.000000
0.002234 -0.008198 0.005273 -0.000000 0.009660 0.002586 -0.000072 1.041419 -0.001304 0.005110 0.008497 0.043144 0.000000 0.000000 0.000000 1.000000
0.003263 -0.008787 0.003485 -0.000000 0.009372 0.003487 0.000015 1.041419 -0.001229 0.003262 0.009373 0.043144 0.000000 0.000000 0.000000 1.000000
0.004790 -0.008748 0.000725 -0.000000 0.008713 0.004838 0.000819 1.041419 -0.001067 0.000239 0.009940 0.043144 0.000000 0.000000 0.000000 1.000000
0.006079 -0.007665 -0.002073 -0.000000 0.007889 0.005535 0.002669 1.041419 -0.000898 -0.003258 0.009412 0.043144 0.000000 0.000000 0.000000 1.000000
0.006601 -0.006141 -0.004326 -0.000000 0.007467 0.004735 0.004672 1.041419 -0.000821 -0.006314 0.007711 0.043144 0.000000 0.000000 0.000000 1.000000
0.006601 -0.004265 -0.006184 -0.000000 0.007467 0.002826 0.006022 1.041419 -0.000821 -0.008592 0.005050 0.043144 0.000000 0.000000 0.000000 1.000000
0.006601 -0.001679 -0.007322 -0.000000 0.007467 0.000401 0.006640 1.041419 -0.000821 -0.009850 0.001518 0.043144 0.000000 0.000000 0.000000 1.000000
0.006601 0.001188 -0.007417 -0.000000 0.007467 -0.002116 0.006306 1.041419 -0.000821 -0.009701 -0.002284 0.043144 0.000000 0.000000 0.000000 1.000000
0.006601 0.003794 -0.006483 -0.000000 0.007467 -0.004257 0.005111 1.041419 -0.000821 -0.008215 -0.005642 0.043144 0.000000 0.000000 0.000000 1.000000
0.006601 0.005728 -0.004860 -0.000000 0.007467 -0.005710 0.003412 1.041419 -0.000821 -0.005882 -0.008046 0.043144 0.000000 0.000000 0.000000 1.000000
0.006307 0.007248 -0.002774 -0.000000 0.007714 -0.006244 0.001223 1.036694 -0.000846 -0.002911 -0.009530 0.043144 0.000000 0.000000 0.000000 1.000000
0.005487 0.008360 0.000031 -0.000000 0.008311 -0.005451 -0.001104 1.023494 -0.000906 0.000631 -0.009939 0.043144 0.000000 0.000000 0.000000 1.000000
0.004234 0.008411 0.003366 -0.000000 0.009007 -0.003509 -0.002561 1.003284 -0.000973 0.004116 -0.009061 0.043144 0.000000 0.000000 0.000000 1.000000
0.002691 0.007099 0.006509 -0.000000 0.009576 -0.001254 -0.002592 0.977528 -0.001023 0.006931 -0.007135 0.043144 0.000000 0.000000 0.000000 1.000000
0.001076 0.004821 0.008695 0.000000 0.009887 0.000401 -0.001446 0.947693 -0.001046 0.008752 -0.004723 0.043144 0.000000 0.000000 0.000000 1.000000
-0.000358 0.002434 0.009693 0.000000 0.009939 0.001098 0.000092 0.915241 -0.001042 0.009637 -0.002459 0.043144 0.000000 0.000000 0.000000 1.000000
-0.001370 0.000707 0.009880 0.000000 0.009852 0.001130 0.001285 0.881638 -0.001026 0.009911 -0.000851 0.043144 0.000000 0.000000 0.000000 1.000000
-0.001750 0.000057 0.009845 0.000000 0.009793 0.001043 0.001735 0.848349 -0.001017 0.009945 -0.000238 0.043144 0.000000 0.000000 0.000000 1.000000
-0.001570 0.000029 0.009876 0.000000 0.009823 0.001043 0.001558 0.803400 -0.001025 0.009945 -0.000192 0.043144 0.000000 0.000000 0.000000 1.000000
-0.001138 0.000012 0.009935 0.000000 0.009880 0.001052 0.001130 0.743424 -0.001044 0.009945 -0.000132 0.043144 0.000000 0.000000 0.000000 1.000000
-0.000619 0.000004 0.009981 0.000000 0.009924 0.001065 0.000615 0.682792 -0.001063 0.009943 -0.000070 0.043144 0.000000 0.000000 0.000000 1.000000
-0.000183 0.000000 0.009998 0.000000 0.009940 0.001077 0.000182 0.635874 -0.001077 0.009942 -0.000020 0.043144 0.000000 0.000000 0.000000 1.000000
0.000000 0.000000 0.010000 0.000000 0.009941 0.001082 -0.000000 0.617041 -0.001082 0.009941 -0.000000 0.043144 0.000000 0.000000 0.000000 1.000000
0.000000 0.000000 0.010000 0.000000 0.009941 0.001082 -0.000000 0.631319 -0.001082 0.009941 -0.000000 0.043144 0.000000 0.000000 0.000000 1.000000
0.000000 0.000000 0.010000 0.000000 0.009941 0.001082 -0.000000 0.665366 -0.001082 0.009941 -0.000000 0.043144 0.000000 0.000000 0.000000 1.000000
0.000000 0.000000 0.010000 0.000000 0.009941 0.001082 -0.000000 0.706003 -0.001082 0.009941 -0.000000 0.043144 0.000000 0.000000 0.000000 1.000000
0.000000 0.000000 0.010000 0.000000 0.009941 0.001082 -0.000000 0.740050 -0.001082 0.009941 -0.000000 0.043144 0.000000 0.000000 0.000000 1.000000</float_array><technique_common><accessor source="#hip-Matrix-animation-output-transform-array" count="96" stride="16"><param type="float4x4"/></accessor></technique_common></source><source id="hip-Interpolations"><Name_array id="hip-Interpolations-array" count="96">
 LINEAR LINEAR LINEAR LINEAR LINEAR LINEAR LINEAR LINEAR LINEAR LINEAR LINEAR
LINEAR LINEAR LINEAR LINEAR LINEAR LINEAR LINEAR LINEAR LINEAR LINEAR LINEAR LINEAR
LINEAR LINEAR LINEAR LINEAR LINEAR LINEAR LINEAR LINEAR LINEAR LINEAR LINEAR LINEAR
LINEAR LINEAR LINEAR LINEAR LINEAR LINEAR LINEAR LINEAR LINEAR LINEAR LINEAR LINEAR
LINEAR LINEAR LINEAR LINEAR LINEAR LINEAR LINEAR LINEAR LINEAR LINEAR LINEAR LINEAR
LINEAR LINEAR LINEAR LINEAR LINEAR LINEAR LINEAR LINEAR LINEAR LINEAR LINEAR LINEAR
LINEAR LINEAR LINEAR LINEAR LINEAR LINEAR LINEAR LINEAR LINEAR LINEAR LINEAR LINEAR
LINEAR LINEAR LINEAR LINEAR LINEAR LINEAR LINEAR LINEAR LINEAR LINEAR LINEAR LINEAR
LINEAR</Name_array><technique_common><accessor source="#hip-Interpolations-array" count="96"><param type="name"/></accessor></technique_common></source><sampler id="hip-Matrix-animation-transform"><input semantic="INPUT" source="#hip-Matrix-animation-input"/><input semantic="OUTPUT" source="#hip-Matrix-animation-output-transform"/><input semantic="INTERPOLATION" source="#hip-Interpolations"/></sampler><channel source="#hip-Matrix-animation-transform" target="hip/matrix"/></animation><animation><source id="hip-visibility-animation-input"><float_array id="hip-visibility-animation-input-array" count="96">

0.000000 0.041667 0.083333 0.125000 0.166667 0.208333 0.250000 0.291667 0.333333 0.375000 0.416667 0.458333 0.500000 0.541667 0.583333 0.625000
0.666667 0.708333 0.750000 0.791667 0.833333 0.875000 0.916667 0.958333 1.000000 1.041667 1.083333 1.125000 1.166667 1.208333 1.250000 1.291667
1.333333 1.375000 1.416667 1.458333 1.500000 1.541667 1.583333 1.625000 1.666667 1.708333 1.750000 1.791667 1.833333 1.875000 1.916667 1.958333
2.000000 2.041667 2.083333 2.125000 2.166667 2.208333 2.250000 2.291667 2.333333 2.375000 2.416667 2.458333 2.500000 2.541667 2.583333 2.625000
2.666667 2.708333 2.750000 2.791667 2.833333 2.875000 2.916667 2.958333 3.000000 3.041667 3.083333 3.125000 3.166667 3.208333 3.250000 3.291667
3.333333 3.375000 3.416667 3.458333 3.500000 3.541667 3.583333 3.625000 3.666667 3.708333 3.750000 3.791667 3.833333 3.875000 3.916667 3.958333</float_array><technique_common><accessor source="#hip-visibility-animation-input-array" count="96"><param name="TIME" type="float"/></accessor></technique_common></source><source id="hip-visibility-animation-output"><float_array id="hip-visibility-animation-output-array" count="96">

1.000000 1.000000 1.000000 1.000000 1.000000 1.000000 1.000000 1.000000 1.000000 1.000000 1.000000 1.000000 1.000000 1.000000 1.000000 1.000000
1.000000 1.000000 1.000000 1.000000 1.000000 1.000000 1.000000 1.000000 1.000000 1.000000 1.000000 1.000000 1.000000 1.000000 1.000000 1.000000
1.000000 1.000000 1.000000 1.000000 1.000000 1.000000 1.000000 1.000000 1.000000 1.000000 1.000000 1.000000 1.000000 1.000000 1.000000 1.000000
1.000000 1.000000 1.000000 1.000000 1.000000 1.000000 1.000000 1.000000 1.000000 1.000000 1.000000 1.000000 1.000000 1.000000 1.000000 1.000000
1.000000 1.000000 1.000000 1.000000 1.000000 1.000000 1.000000 1.000000 1.000000 1.000000 1.000000 1.000000 1.000000 1.000000 1.000000 1.000000
1.000000 1.000000 1.000000 1.000000 1.000000 1.000000 1.000000 1.000000 1.000000 1.000000 1.000000 1.000000 1.000000 1.000000 1.000000 1.000000</float_array><technique_common><accessor source="#hip-visibility-animation-output-array" count="96"><param type="float"/></accessor></technique_common></source><source id="hip-visibility-animation-intan"><float_array id="hip-visibility-animation-intan-array" count="96">

0.000000 0.000000 0.000000 0.000000 0.000000 0.000000 0.000000 0.000000 0.000000 0.000000 0.000000 0.000000 0.000000 0.000000 0.000000 0.000000
0.000000 0.000000 0.000000 0.000000 0.000000 0.000000 0.000000 0.000000 0.000000 0.000000 0.000000 0.000000 0.000000 0.000000 0.000000 0.000000
0.000000 0.000000 0.000000 0.000000 0.000000 0.000000 0.000000 0.000000 0.000000 0.000000 0.000000 0.000000 0.000000 0.000000 0.000000 0.000000
0.000000 0.000000 0.000000 0.000000 0.000000 0.000000 0.000000 0.000000 0.000000 0.000000 0.000000 0.000000 0.000000 0.000000 0.000000 0.000000
0.000000 0.000000 0.000000 0.000000 0.000000 0.000000 0.000000 0.000000 0.000000 0.000000 0.000000 0.000000 0.000000 0.000000 0.000000 0.000000
0.000000 0.000000 0.000000 0.000000 0.000000 0.000000 0.000000 0.000000 0.000000 0.000000 0.000000 0.000000 0.000000 0.000000 0.000000 0.000000</float_array><technique_common><accessor source="#hip-visibility-animation-intan-array" count="96"><param type="float"/></accessor></technique_common></source><source id="hip-visibility-animation-outtan"><float_array id="hip-visibility-animation-outtan-array" count="96">

0.000000 0.000000 0.000000 0.000000 0.000000 0.000000 0.000000 0.000000 0.000000 0.000000 0.000000 0.000000 0.000000 0.000000 0.000000 0.000000
0.000000 0.000000 0.000000 0.000000 0.000000 0.000000 0.000000 0.000000 0.000000 0.000000 0.000000 0.000000 0.000000 0.000000 0.000000 0.000000
0.000000 0.000000 0.000000 0.000000 0.000000 0.000000 0.000000 0.000000 0.000000 0.000000 0.000000 0.000000 0.000000 0.000000 0.000000 0.000000
0.000000 0.000000 0.000000 0.000000 0.000000 0.000000 0.000000 0.000000 0.000000 0.000000 0.000000 0.000000 0.000000 0.000000 0.000000 0.000000
0.000000 0.000000 0.000000 0.000000 0.000000 0.000000 0.000000 0.000000 0.000000 0.000000 0.000000 0.000000 0.000000 0.000000 0.000000 0.000000
0.000000 0.000000 0.000000 0.000000 0.000000 0.000000 0.000000 0.000000 0.000000 0.000000 0.000000 0.000000 0.000000 0.000000 0.000000 0.000000</float_array><technique_common><accessor source="#hip-visibility-animation-outtan-array" count="96"><param type="float"/></accessor></technique_common></source><source id="hip-visibility-animation-interpolation"><Name_array id="hip-visibility-animation-interpolation-array" count="96">
 BEZIER BEZIER BEZIER BEZIER BEZIER BEZIER BEZIER BEZIER BEZIER BEZIER BEZIER
BEZIER BEZIER BEZIER BEZIER BEZIER BEZIER BEZIER BEZIER BEZIER BEZIER BEZIER BEZIER
BEZIER BEZIER BEZIER BEZIER BEZIER BEZIER BEZIER BEZIER BEZIER BEZIER BEZIER BEZIER
BEZIER BEZIER BEZIER BEZIER BEZIER BEZIER BEZIER BEZIER BEZIER BEZIER BEZIER BEZIER
BEZIER BEZIER BEZIER BEZIER BEZIER BEZIER BEZIER BEZIER BEZIER BEZIER BEZIER BEZIER
BEZIER BEZIER BEZIER BEZIER BEZIER BEZIER BEZIER BEZIER BEZIER BEZIER BEZIER BEZIER
BEZIER BEZIER BEZIER BEZIER BEZIER BEZIER BEZIER BEZIER BEZIER BEZIER BEZIER BEZIER
BEZIER BEZIER BEZIER BEZIER BEZIER BEZIER BEZIER BEZIER BEZIER BEZIER BEZIER BEZIER
BEZIER</Name_array><technique_common><accessor source="#hip-visibility-animation-interpolation-array" count="96"><param type="name"/></accessor></technique_common></source><sampler id="hip-visibility-animation"><input semantic="INPUT" source="#hip-visibility-animation-input"/><input semantic="OUTPUT" source="#hip-visibility-animation-output"/><input semantic="IN_TANGENT" source="#hip-visibility-animation-intan"/><input semantic="OUT_TANGENT" source="#hip-visibility-animation-outtan"/><input semantic="INTERPOLATION" source="#hip-visibility-animation-interpolation"/></sampler><channel source="#hip-visibility-animation" target="hip/visibility"/></animation></animation>
    <animation id="spine1-anim" name="spine1"><animation><source id="spine1-Matrix-animation-input"><float_array id="spine1-Matrix-animation-input-array" count="96">

0.000000 0.041667 0.083333 0.125000 0.166667 0.208333 0.250000 0.291667 0.333333 0.375000 0.416667 0.458333 0.500000 0.541667 0.583333 0.625000
0.666667 0.708333 0.750000 0.791667 0.833333 0.875000 0.916667 0.958333 1.000000 1.041667 1.083333 1.125000 1.166667 1.208333 1.250000 1.291667
1.333333 1.375000 1.416667 1.458333 1.500000 1.541667 1.583333 1.625000 1.666667 1.708333 1.750000 1.791667 1.833333 1.875000 1.916667 1.958333
2.000000 2.041667 2.083333 2.125000 2.166667 2.208333 2.250000 2.291667 2.333333 2.375000 2.416667 2.458333 2.500000 2.541667 2.583333 2.625000
2.666667 2.708333 2.750000 2.791667 2.833333 2.875000 2.916667 2.958333 3.000000 3.041667 3.083333 3.125000 3.166667 3.208333 3.250000 3.291667
3.333333 3.375000 3.416667 3.458333 3.500000 3.541667 3.583333 3.625000 3.666667 3.708333 3.750000 3.791667 3.833333 3.875000 3.916667 3.958333</float_array><technique_common><accessor source="#spine1-Matrix-animation-input-array" count="96"><param name="TIME" type="float"/></accessor></technique_common></source><source id="spine1-Matrix-animation-output-transform"><float_array id="spine1-Matrix-animation-output-transform-array" count="1536">

1.000000 0.000000 0.000000 5.171586 0.000000 1.000000 0.000000 0.000000 0.000000 0.000000 1.000000 0.000000 0.000000 0.000000 0.000000 1.000000
1.000000 0.000000 0.000000 5.171586 0.000000 1.000000 0.000000 0.000000 0.000000 0.000000 1.000000 0.000000 0.000000 0.000000 0.000000 1.000000
1.000000 0.000000 0.000000 5.171586 0.000000 0.996493 0.083681 0.000000 0.000000 -0.083681 0.996493 0.000000 0.000000 0.000000 0.000000 1.000000
1.000000 0.000000 0.000000 5.171586 0.000000 0.985995 0.166775 0.000000 0.000000 -0.166775 0.985995 0.000000 0.000000 0.000000 0.000000 1.000000
1.000000 -0.000673 -0.000103 5.171586 0.000681 0.986102 0.166137 0.000000 -0.000010 -0.166137 0.986103 0.000000 0.000000 0.000000 0.000000 1.000000
0.999997 -0.002609 -0.000394 5.171586 0.002638 0.986410 0.164283 0.000000 -0.000040 -0.164283 0.986413 0.000000 0.000000 0.000000 0.000000 1.000000
0.999983 -0.005683 -0.000841 5.171586 0.005744 0.986888 0.161305 0.000000 -0.000087 -0.161307 0.986904 -0.000000 0.000000 0.000000 0.000000 1.000000
0.999951 -0.009772 -0.001406 5.171586 0.009871 0.987502 0.157294 0.000000 -0.000149 -0.157300 0.987551 0.000000 0.000000 0.000000 0.000000 1.000000
0.999889 -0.014752 -0.002047 5.171586 0.014892 0.988216 0.152342 0.000000 -0.000225 -0.152355 0.988326 0.000000 0.000000 0.000000 0.000000 1.000000
0.999786 -0.020500 -0.002722 5.171586 0.020677 0.988989 0.146539 0.000000 -0.000312 -0.146564 0.989201 0.000000 0.000000 0.000000 0.000000 1.000000
0.999633 -0.026890 -0.003390 5.171586 0.027100 0.989784 0.139977 0.000000 -0.000409 -0.140018 0.990149 0.000000 0.000000 0.000000 0.000000 1.000000
0.999421 -0.033799 -0.004011 5.171586 0.034032 0.990565 0.132750 0.000000 -0.000513 -0.132810 0.991141 -0.000000 0.000000 0.000000 0.000000 1.000000
0.999145 -0.041099 -0.004551 5.171586 0.041346 0.991301 0.124950 0.000000 -0.000624 -0.125032 0.992153 -0.000000 0.000000 0.000000 0.000000 1.000000
0.998803 -0.048663 -0.004980 5.171586 0.048912 0.991965 0.116673 0.000000 -0.000738 -0.116777 0.993158 -0.000000 0.000000 0.000000 0.000000 1.000000
0.998396 -0.056362 -0.005273 5.171586 0.056602 0.992537 0.108015 0.000000 -0.000854 -0.108140 0.994135 -0.000000 0.000000 0.000000 0.000000 1.000000
0.997931 -0.064068 -0.005415 5.171586 0.064289 0.993001 0.099071 0.000000 -0.000970 -0.099214 0.995066 0.000000 0.000000 0.000000 0.000000 1.000000
0.997415 -0.071651 -0.005396 5.171586 0.071845 0.993353 0.089938 0.000000 -0.001084 -0.090093 0.995933 -0.000000 0.000000 0.000000 0.000000 1.000000
0.996863 -0.078980 -0.005214 5.171586 0.079143 0.993590 0.080714 0.000000 -0.001195 -0.080874 0.996724 0.000000 0.000000 0.000000 0.000000 1.000000
0.996290 -0.085926 -0.004875 5.171586 0.086055 0.993722 0.071495 0.000000 -0.001299 -0.071650 0.997429 0.000000 0.000000 0.000000 0.000000 1.000000
0.995716 -0.092360 -0.004393 5.171586 0.092454 0.993761 0.062378 0.000000 -0.001396 -0.062517 0.998043 0.000000 0.000000 0.000000 0.000000 1.000000
0.995164 -0.098152 -0.003787 5.171586 0.098214 0.993728 0.053459 0.000000 -0.001483 -0.053572 0.998563 0.000000 0.000000 0.000000 0.000000 1.000000
0.994658 -0.103175 -0.003086 5.171586 0.103209 0.993649 0.044831 0.000000 -0.001559 -0.044910 0.998990 0.000000 0.000000 0.000000 0.000000 1.000000
0.994224 -0.107301 -0.002320 5.171586 0.107314 0.993552 0.036590 0.000000 -0.001621 -0.036628 0.999328 0.000000 0.000000 0.000000 0.000000 1.000000
0.993886 -0.110403 -0.001524 5.171586 0.110401 0.993469 0.028828 0.000000 -0.001668 -0.028820 0.999583 0.000000 0.000000 0.000000 0.000000 1.000000
0.993668 -0.112357 -0.000738 5.171586 0.112346 0.993434 0.021637 0.000000 -0.001698 -0.021583 0.999766 0.000000 0.000000 0.000000 0.000000 1.000000
0.993591 -0.113036 -0.000000 5.171586 0.113023 0.993478 0.015110 0.000000 -0.001708 -0.015013 0.999886 0.000000 0.000000 0.000000 0.000000 1.000000
0.994854 -0.101321 0.000562 5.171586 0.101311 0.994809 0.009586 0.000000 -0.001530 -0.009480 0.999954 0.000000 0.000000 0.000000 0.000000 1.000000
0.997307 -0.073335 0.000718 5.171586 0.073330 0.997294 0.005327 0.000000 -0.001107 -0.005260 0.999986 0.000000 0.000000 0.000000 0.000000 1.000000
0.999205 -0.039860 0.000509 5.171586 0.039859 0.999203 0.002328 0.000000 -0.000601 -0.002306 0.999997 0.000000 0.000000 0.000000 0.000000 1.000000
0.999931 -0.011779 0.000171 5.171586 0.011779 0.999930 0.000571 0.000000 -0.000178 -0.000568 1.000000 0.000000 0.000000 0.000000 0.000000 1.000000
1.000000 0.000000 0.000000 5.171586 0.000000 1.000000 0.000000 0.000000 0.000000 0.000000 1.000000 0.000000 0.000000 0.000000 0.000000 1.000000
1.000000 0.000000 0.000000 5.171586 0.000000 1.000000 0.000000 0.000000 0.000000 0.000000 1.000000 0.000000 0.000000 0.000000 0.000000 1.000000
1.000000 0.000000 0.000000 5.171586 0.000000 1.000000 0.000000 0.000000 0.000000 0.000000 1.000000 0.000000 0.000000 0.000000 0.000000 1.000000
1.000000 0.000000 0.000000 5.171586 0.000000 1.000000 0.000000 0.000000 0.000000 0.000000 1.000000 0.000000 0.000000 0.000000 0.000000 1.000000
1.000000 0.000000 0.000000 5.171586 0.000000 1.000000 0.000000 0.000000 0.000000 0.000000 1.000000 0.000000 0.000000 0.000000 0.000000 1.000000
0.999993 0.002869 0.002410 5.171586 -0.002861 0.999990 -0.003490 0.000000 -0.002420 0.003483 0.999991 0.000000 0.000000 0.000000 0.000000 1.000000
0.999903 0.010740 0.008851 5.171586 -0.010624 0.999859 -0.013030 0.000000 -0.008990 0.012935 0.999876 0.000000 0.000000 0.000000 0.000000 1.000000
0.999582 0.022558 0.018067 5.171586 -0.022061 0.999385 -0.027268 0.000000 -0.018671 0.026858 0.999465 0.000000 0.000000 0.000000 0.000000 1.000000
0.998891 0.037249 0.028801 5.171586 -0.035936 0.998348 -0.044833 0.000000 -0.030424 0.043748 0.998579 0.000000 0.000000 0.000000 0.000000 1.000000
0.997763 0.053642 0.039896 5.171586 -0.051011 0.996628 -0.064271 0.000000 -0.043209 0.062092 0.997135 0.000000 0.000000 0.000000 0.000000 1.000000
0.996244 0.070435 0.050357 5.171586 -0.066048 0.994272 -0.084027 0.000000 -0.055987 0.080385 0.995190 0.000000 0.000000 0.000000 0.000000 1.000000
0.994506 0.086201 0.059393 5.171586 -0.079825 0.991531 -0.102440 0.000000 -0.067721 0.097137 0.992964 0.000000 0.000000 0.000000 0.000000 1.000000
0.992828 0.099411 0.066409 5.171586 -0.091135 0.988849 -0.117778 0.000000 -0.077377 0.110881 0.990817 0.000000 0.000000 0.000000 0.000000 1.000000
0.991563 0.108486 0.070946 5.171586 -0.098788 0.986807 -0.128269 0.000000 -0.083925 0.120178 0.989199 0.000000 0.000000 0.000000 0.000000 1.000000
0.991072 0.111851 0.072571 5.171586 -0.101603 0.986009 -0.132150 0.000000 -0.086337 0.123597 0.988570 0.000000 0.000000 0.000000 0.000000 1.000000
0.991095 0.111690 0.072494 5.171586 -0.101468 0.986047 -0.131965 0.000000 -0.086222 0.123434 0.988600 0.000000 0.000000 0.000000 0.000000 1.000000
0.991165 0.111216 0.072267 5.171586 -0.101072 0.986161 -0.131418 0.000000 -0.085883 0.122953 0.988689 0.000000 0.000000 0.000000 0.000000 1.000000
0.991279 0.110443 0.071895 5.171586 -0.100427 0.986345 -0.130527 0.000000 -0.085329 0.122169 0.988835 0.000000 0.000000 0.000000 0.000000 1.000000
0.991433 0.109386 0.071384 5.171586 -0.099542 0.986595 -0.129308 0.000000 -0.084572 0.121095 0.989032 0.000000 0.000000 0.000000 0.000000 1.000000
0.991624 0.108061 0.070739 5.171586 -0.098431 0.986906 -0.127778 0.000000 -0.083620 0.119745 0.989277 0.000000 0.000000 0.000000 0.000000 1.000000
0.991850 0.106481 0.069963 5.171586 -0.097105 0.987272 -0.125954 0.000000 -0.082484 0.118134 0.989566 0.000000 0.000000 0.000000 0.000000 1.000000
0.992107 0.104662 0.069062 5.171586 -0.095574 0.987687 -0.123852 0.000000 -0.081174 0.116274 0.989894 0.000000 0.000000 0.000000 0.000000 1.000000
0.992391 0.102618 0.068039 5.171586 -0.093850 0.988146 -0.121490 0.000000 -0.079699 0.114180 0.990258 0.000000 0.000000 0.000000 0.000000 1.000000
0.992699 0.100367 0.066898 5.171586 -0.091945 0.988642 -0.118885 0.000000 -0.078070 0.111866 0.990652 0.000000 0.000000 0.000000 0.000000 1.000000
0.993027 0.097922 0.065643 5.171586 -0.089870 0.989169 -0.116053 0.000000 -0.076296 0.109344 0.991072 0.000000 0.000000 0.000000 0.000000 1.000000
0.993371 0.095298 0.064278 5.171586 -0.087636 0.989721 -0.113012 0.000000 -0.074387 0.106630 0.991512 0.000000 0.000000 0.000000 0.000000 1.000000
0.993729 0.092513 0.062807 5.171586 -0.085254 0.990293 -0.109779 0.000000 -0.072354 0.103736 0.991970 0.000000 0.000000 0.000000 0.000000 1.000000
0.994095 0.089579 0.061235 5.171586 -0.082737 0.990878 -0.106371 0.000000 -0.070205 0.100676 0.992439 0.000000 0.000000 0.000000 0.000000 1.000000
0.994468 0.086514 0.059565 5.171586 -0.080096 0.991472 -0.102805 0.000000 -0.067952 0.097465 0.992916 -0.000000 0.000000 0.000000 0.000000 1.000000
0.994844 0.083332 0.057804 5.171586 -0.077341 0.992067 -0.099098 0.000000 -0.065603 0.094117 0.993397 0.000000 0.000000 0.000000 0.000000 1.000000
0.995219 0.080047 0.055954 5.171586 -0.074485 0.992661 -0.095268 0.000000 -0.063169 0.090645 0.993878 0.000000 0.000000 0.000000 0.000000 1.000000
0.995591 0.076676 0.054022 5.171586 -0.071540 0.993248 -0.091331 0.000000 -0.060660 0.087063 0.994354 0.000000 0.000000 0.000000 0.000000 1.000000
0.995958 0.073232 0.052014 5.171586 -0.068516 0.993823 -0.087303 0.000000 -0.058086 0.083386 0.994823 -0.000000 0.000000 0.000000 0.000000 1.000000
0.996315 0.069731 0.049936 5.171586 -0.065426 0.994383 -0.083201 0.000000 -0.055457 0.079628 0.995281 -0.000000 0.000000 0.000000 0.000000 1.000000
0.996662 0.066186 0.047794 5.171586 -0.062280 0.994924 -0.079043 0.000000 -0.052783 0.075802 0.995725 0.000000 0.000000 0.000000 0.000000 1.000000
0.996996 0.062612 0.045594 5.171586 -0.059092 0.995443 -0.074843 0.000000 -0.050073 0.071924 0.996152 0.000000 0.000000 0.000000 0.000000 1.000000
0.997315 0.059024 0.043345 5.171586 -0.055873 0.995937 -0.070619 0.000000 -0.047337 0.068008 0.996561 0.000000 0.000000 0.000000 0.000000 1.000000
0.997618 0.055433 0.041054 5.171586 -0.052634 0.996405 -0.066386 0.000000 -0.044587 0.064067 0.996949 0.000000 0.000000 0.000000 0.000000 1.000000
0.997903 0.051855 0.038730 5.171586 -0.049387 0.996844 -0.062160 0.000000 -0.041831 0.060117 0.997314 -0.000000 0.000000 0.000000 0.000000 1.000000
0.998170 0.048302 0.036380 5.171586 -0.046145 0.997252 -0.057956 0.000000 -0.039080 0.056171 0.997656 0.000000 0.000000 0.000000 0.000000 1.000000
0.998417 0.044786 0.034015 5.171586 -0.042919 0.997629 -0.053790 0.000000 -0.036343 0.052245 0.997973 -0.000000 0.000000 0.000000 0.000000 1.000000
0.998645 0.041322 0.031643 5.171586 -0.039720 0.997975 -0.049677 0.000000 -0.033631 0.048353 0.998264 -0.000000 0.000000 0.000000 0.000000 1.000000
0.998852 0.037921 0.029274 5.171586 -0.036562 0.998289 -0.045632 0.000000 -0.030954 0.044509 0.998529 0.000000 0.000000 0.000000 0.000000 1.000000
0.999039 0.034595 0.026919 5.171586 -0.033456 0.998571 -0.041669 0.000000 -0.028322 0.040729 0.998769 -0.000000 0.000000 0.000000 0.000000 1.000000
0.999206 0.031356 0.024588 5.171586 -0.030413 0.998822 -0.037803 0.000000 -0.025744 0.037025 0.998983 0.000000 0.000000 0.000000 0.000000 1.000000
0.999353 0.028215 0.022292 5.171586 -0.027446 0.999043 -0.034048 0.000000 -0.023231 0.033414 0.999172 0.000000 0.000000 0.000000 0.000000 1.000000
0.999482 0.025184 0.020042 5.171586 -0.024567 0.999235 -0.030417 0.000000 -0.020793 0.029909 0.999336 0.000000 0.000000 0.000000 0.000000 1.000000
0.999593 0.022273 0.017851 5.171586 -0.021788 0.999400 -0.026926 0.000000 -0.018440 0.026526 0.999478 0.000000 0.000000 0.000000 0.000000 1.000000
0.999686 0.019494 0.015729 5.171586 -0.019120 0.999539 -0.023586 0.000000 -0.016181 0.023278 0.999598 -0.000000 0.000000 0.000000 0.000000 1.000000
0.999764 0.016857 0.013688 5.171586 -0.016576 0.999654 -0.020412 0.000000 -0.014027 0.020181 0.999698 0.000000 0.000000 0.000000 0.000000 1.000000
0.999828 0.014373 0.011741 5.171586 -0.014167 0.999748 -0.017417 0.000000 -0.011989 0.017248 0.999779 0.000000 0.000000 0.000000 0.000000 1.000000
0.999878 0.012051 0.009900 5.171586 -0.011905 0.999822 -0.014614 0.000000 -0.010074 0.014495 0.999844 0.000000 0.000000 0.000000 0.000000 1.000000
0.999918 0.009902 0.008177 5.171586 -0.009803 0.999880 -0.012016 0.000000 -0.008295 0.011935 0.999894 0.000000 0.000000 0.000000 0.000000 1.000000
0.999947 0.007935 0.006585 5.171586 -0.007872 0.999923 -0.009636 0.000000 -0.006661 0.009584 0.999932 0.000000 0.000000 0.000000 0.000000 1.000000
0.999968 0.006162 0.005135 5.171586 -0.006123 0.999953 -0.007487 0.000000 -0.005181 0.007455 0.999959 0.000000 0.000000 0.000000 0.000000 1.000000
0.999982 0.004591 0.003841 5.171586 -0.004570 0.999974 -0.005581 0.000000 -0.003867 0.005563 0.999977 0.000000 0.000000 0.000000 0.000000 1.000000
0.999991 0.003233 0.002714 5.171586 -0.003223 0.999987 -0.003932 0.000000 -0.002727 0.003923 0.999989 0.000000 0.000000 0.000000 0.000000 1.000000
0.999996 0.002098 0.001766 5.171586 -0.002094 0.999995 -0.002553 0.000000 -0.001772 0.002549 0.999995 0.000000 0.000000 0.000000 0.000000 1.000000
0.999999 0.001197 0.001010 5.171586 -0.001196 0.999998 -0.001457 0.000000 -0.001012 0.001456 0.999998 0.000000 0.000000 0.000000 0.000000 1.000000
1.000000 0.000540 0.000456 5.171586 -0.000539 1.000000 -0.000657 0.000000 -0.000456 0.000657 1.000000 0.000000 0.000000 0.000000 0.000000 1.000000
1.000000 0.000137 0.000116 5.171586 -0.000137 1.000000 -0.000167 0.000000 -0.000116 0.000167 1.000000 0.000000 0.000000 0.000000 0.000000 1.000000
1.000000 0.000000 0.000000 5.171586 0.000000 1.000000 0.000000 0.000000 0.000000 0.000000 1.000000 0.000000 0.000000 0.000000 0.000000 1.000000
1.000000 0.000000 0.000000 5.171586 0.000000 1.000000 0.000000 0.000000 0.000000 0.000000 1.000000 0.000000 0.000000 0.000000 0.000000 1.000000
1.000000 0.000000 0.000000 5.171586 0.000000 1.000000 0.000000 0.000000 0.000000 0.000000 1.000000 0.000000 0.000000 0.000000 0.000000 1.000000
1.000000 0.000000 0.000000 5.171586 0.000000 1.000000 0.000000 0.000000 0.000000 0.000000 1.000000 0.000000 0.000000 0.000000 0.000000 1.000000
1.000000 0.000000 0.000000 5.171586 0.000000 1.000000 0.000000 0.000000 0.000000 0.000000 1.000000 0.000000 0.000000 0.000000 0.000000 1.000000</float_array><technique_common><accessor source="#spine1-Matrix-animation-output-transform-array" count="96" stride="16"><param type="float4x4"/></accessor></technique_common></source><source id="spine1-Interpolations"><Name_array id="spine1-Interpolations-array" count="96">
 LINEAR LINEAR LINEAR LINEAR LINEAR LINEAR LINEAR LINEAR LINEAR LINEAR LINEAR
LINEAR LINEAR LINEAR LINEAR LINEAR LINEAR LINEAR LINEAR LINEAR LINEAR LINEAR LINEAR
LINEAR LINEAR LINEAR LINEAR LINEAR LINEAR LINEAR LINEAR LINEAR LINEAR LINEAR LINEAR
LINEAR LINEAR LINEAR LINEAR LINEAR LINEAR LINEAR LINEAR LINEAR LINEAR LINEAR LINEAR
LINEAR LINEAR LINEAR LINEAR LINEAR LINEAR LINEAR LINEAR LINEAR LINEAR LINEAR LINEAR
LINEAR LINEAR LINEAR LINEAR LINEAR LINEAR LINEAR LINEAR LINEAR LINEAR LINEAR LINEAR
LINEAR LINEAR LINEAR LINEAR LINEAR LINEAR LINEAR LINEAR LINEAR LINEAR LINEAR LINEAR
LINEAR LINEAR LINEAR LINEAR LINEAR LINEAR LINEAR LINEAR LINEAR LINEAR LINEAR LINEAR
