<?xml version="1.0" encoding="utf-8"?>
<COLLADA xmlns="http://www.collada.org/2005/11/COLLADASchema" version="1.4.1">
  <asset><contributor><author></author><authoring_tool>FBX COLLADA exporter</authoring_tool><comments></comments></contributor><created>2017-06-14T16:17:03Z</created><keywords></keywords><modified>2017-06-14T16:17:03Z</modified><revision></revision><subject></subject><title></title><unit meter="1.000000" name="centimeter"></unit><up_axis>Y_UP</up_axis></asset>
  <library_animations>
    <animation id="hipCtrl-anim" name="hipCtrl"><animation><source id="hipCtrl-Matrix-animation-input"><float_array id="hipCtrl-Matrix-animation-input-array" count="96">

0.041667 0.083333 0.125000 0.166667 0.208333 0.250000 0.291667 0.333333 0.375000 0.416667 0.458333 0.500000 0.541667 0.583333 0.625000 0.666667
0.708333 0.750000 0.791667 0.833333 0.875000 0.916667 0.958333 1.000000 1.041667 1.083333 1.125000 1.166667 1.208333 1.250000 1.291667 1.333333
1.375000 1.416667 1.458333 1.500000 1.541667 1.583333 1.625000 1.666667 1.708333 1.750000 1.791667 1.833333 1.875000 1.916667 1.958333 2.000000
2.041667 2.083333 2.125000 2.166667 2.208333 2.250000 2.291667 2.333333 2.375000 2.416667 2.458333 2.500000 2.541667 2.583333 2.625000 2.666667
2.708333 2.750000 2.791667 2.833333 2.875000 2.916667 2.958333 3.000000 3.041667 3.083333 3.125000 3.166667 3.208333 3.250000 3.291667 3.333333
3.375000 3.416667 3.458333 3.500000 3.541667 3.583333 3.625000 3.666667 3.708333 3.750000 3.791667 3.833333 3.875000 3.916667 3.958333 4.000000</float_array><technique_common><accessor source="#hipCtrl-Matrix-animation-input-array" count="96"><param name="TIME" type="float"/></accessor></technique_common></source><source id="hipCtrl-Matrix-animation-output-transform"><float_array id="hipCtrl-Matrix-animation-output-transform-array" count="1536">

1.000000 -0.000000 -0.000000 -21.525471 0.000000 1.000000 0.000000 -2.343745 -0.000000 0.000000 1.000000 -0.000000 0.000000 0.000000 0.000000 1.000000
1.000000 -0.000000 -0.000000 -24.846786 0.000000 1.000000 0.000000 -8.982903 -0.000000 0.000000 1.000000 -0.000000 0.000000 0.000000 0.000000 1.000000
1.000000 -0.000000 -0.000000 -28.168104 0.000000 1.000000 0.000000 -15.622061 -0.000000 0.000000 1.000000 -0.000000 0.000000 0.000000 0.000000 1.000000
0.999719 -0.023724 -0.000000 -28.106731 0.023724 0.999719 0.000000 -15.499379 -0.000000 0.000000 1.000000 -0.000000 0.000000 0.000000 0.000000 1.000000
0.996397 -0.084814 -0.000000 -27.948452 0.084814 0.996397 0.000000 -15.182987 -0.000000 -0.000000 1.000000 -0.000000 0.000000 0.000000 0.000000 1.000000
0.985823 -0.167786 -0.000000 -27.732031 0.167786 0.985823 0.000000 -14.750370 0.000000 -0.000000 1.000000 -0.000000 0.000000 0.000000 0.000000 1.000000
0.966456 -0.256833 -0.000000 -27.496229 0.256833 0.966456 0.000000 -14.279013 -0.000000 -0.000000 1.000000 -0.000000 0.000000 0.000000 0.000000 1.000000
0.941612 -0.336701 -0.000000 -27.279808 0.336701 0.941612 0.000000 -13.846395 0.000000 -0.000000 1.000000 -0.000000 0.000000 0.000000 0.000000 1.000000
0.919260 -0.393652 -0.000000 -27.121529 0.393652 0.919260 0.000000 -13.530004 0.000000 -0.000000 1.000000 -0.000000 0.000000 0.000000 0.000000 1.000000
0.909662 -0.415350 -0.000000 -27.060156 0.415350 0.909662 0.000000 -13.407322 -0.000000 0.000000 1.000000 -0.000000 0.000000 0.000000 0.000000 1.000000
0.914578 -0.404411 -0.000000 -27.091179 0.404411 0.914578 0.000000 -13.469335 -0.000000 -0.000000 1.000000 -0.000000 0.000000 0.000000 0.000000 1.000000
0.927255 -0.374429 -0.000000 -27.175383 0.374429 0.927255 0.000000 -13.637655 -0.000000 -0.000000 1.000000 -0.000000 0.000000 0.000000 0.000000 1.000000
0.944144 -0.329533 -0.000000 -27.299473 0.329533 0.944144 0.000000 -13.885706 -0.000000 -0.000000 1.000000 -0.000000 0.000000 0.000000 0.000000 1.000000
0.961728 -0.274006 -0.000000 -27.450155 0.274006 0.961728 0.000000 -14.186911 -0.000000 -0.000000 1.000000 -0.000000 0.000000 0.000000 0.000000 1.000000
0.977154 -0.212530 -0.000000 -27.614130 0.212530 0.977154 0.000000 -14.514691 -0.000000 -0.000000 1.000000 -0.000000 0.000000 0.000000 0.000000 1.000000
0.988656 -0.150201 -0.000000 -27.778105 0.150201 0.988656 0.000000 -14.842472 -0.000000 -0.000000 1.000000 -0.000000 0.000000 0.000000 0.000000 1.000000
0.995723 -0.092387 -0.000000 -27.928787 0.092387 0.995723 0.000000 -15.143677 0.000000 -0.000000 1.000000 -0.000000 0.000000 0.000000 0.000000 1.000000
0.999008 -0.044531 -0.000000 -28.052877 0.044531 0.999008 0.000000 -15.391727 0.000000 -0.000000 1.000000 -0.000000 0.000000 0.000000 0.000000 1.000000
0.999928 -0.011993 -0.000000 -28.137081 0.011993 0.999928 0.000000 -15.560048 -0.000000 -0.000000 1.000000 -0.000000 0.000000 0.000000 0.000000 1.000000
1.000000 -0.000000 -0.000000 -28.168104 0.000000 1.000000 0.000000 -15.622061 -0.000000 0.000000 1.000000 -0.000000 0.000000 0.000000 0.000000 1.000000
1.000000 -0.000000 -0.000000 -27.982109 0.000000 1.000000 0.000000 -15.250268 -0.000000 0.000000 1.000000 -0.000000 0.000000 0.000000 0.000000 1.000000
1.000000 -0.000000 -0.000000 -27.477270 0.000000 1.000000 0.000000 -14.241116 -0.000000 0.000000 1.000000 -0.000000 0.000000 0.000000 0.000000 1.000000
1.000000 -0.000000 -0.000000 -26.733295 0.000000 1.000000 0.000000 -12.753944 -0.000000 0.000000 1.000000 -0.000000 0.000000 0.000000 0.000000 1.000000
1.000000 -0.000000 -0.000000 -25.829897 0.000000 1.000000 0.000000 -10.948093 -0.000000 0.000000 1.000000 -0.000000 0.000000 0.000000 0.000000 1.000000
1.000000 -0.000000 -0.000000 -24.846786 0.000000 1.000000 0.000000 -8.982903 -0.000000 0.000000 1.000000 -0.000000 0.000000 0.000000 0.000000 1.000000
1.000000 -0.000000 -0.000000 -23.863678 0.000000 1.000000 0.000000 -7.017712 -0.000000 0.000000 1.000000 -0.000000 0.000000 0.000000 0.000000 1.000000
1.000000 -0.000000 -0.000000 -22.960279 0.000000 1.000000 0.000000 -5.211861 -0.000000 0.000000 1.000000 -0.000000 0.000000 0.000000 0.000000 1.000000
1.000000 -0.000000 -0.000000 -22.216305 0.000000 1.000000 0.000000 -3.724689 -0.000000 0.000000 1.000000 -0.000000 0.000000 0.000000 0.000000 1.000000
1.000000 -0.000000 -0.000000 -21.711464 0.000000 1.000000 0.000000 -2.715537 -0.000000 0.000000 1.000000 -0.000000 0.000000 0.000000 0.000000 1.000000
1.000000 -0.000000 -0.000000 -21.525471 0.000000 1.000000 0.000000 -2.343745 -0.000000 0.000000 1.000000 -0.000000 0.000000 0.000000 0.000000 1.000000
1.000000 -0.000000 -0.000000 -22.171070 0.000000 1.000000 0.000000 -2.343745 -0.000000 0.000000 1.000000 -0.000000 0.000000 0.000000 0.000000 1.000000
1.000000 -0.000000 -0.000000 -23.591391 0.000000 1.000000 0.000000 -2.343745 -0.000000 0.000000 1.000000 0.000000 0.000000 0.000000 0.000000 1.000000
1.000000 -0.000000 -0.000000 -25.011711 0.000000 1.000000 0.000000 -2.343745 -0.000000 0.000000 1.000000 -0.000000 0.000000 0.000000 0.000000 1.000000
1.000000 -0.000000 -0.000000 -25.657310 0.000000 1.000000 0.000000 -2.343745 -0.000000 0.000000 1.000000 -0.000000 0.000000 0.000000 0.000000 1.000000
1.000000 -0.000000 -0.000000 -25.541618 0.000000 1.000000 0.000000 -2.343745 -0.000000 0.000000 1.000000 -0.000000 0.000000 0.000000 0.000000 1.000000
1.000000 -0.000000 -0.000000 -25.227598 0.000000 1.000000 0.000000 -2.343745 -0.000000 0.000000 1.000000 -0.000000 0.000000 0.000000 0.000000 1.000000
1.000000 -0.000000 -0.000000 -24.764832 0.000000 1.000000 0.000000 -2.343745 -0.000000 0.000000 1.000000 -0.000000 0.000000 0.000000 0.000000 1.000000
1.000000 -0.000000 -0.000000 -24.202902 0.000000 1.000000 0.000000 -2.343745 -0.000000 0.000000 1.000000 -0.000000 0.000000 0.000000 0.000000 1.000000
1.000000 -0.000000 -0.000000 -23.591391 0.000000 1.000000 0.000000 -2.343745 -0.000000 0.000000 1.000000 0.000000 0.000000 0.000000 0.000000 1.000000
1.000000 -0.000000 -0.000000 -22.979879 0.000000 1.000000 0.000000 -2.343745 -0.000000 0.000000 1.000000 -0.000000 0.000000 0.000000 0.000000 1.000000
1.000000 -0.000000 -0.000000 -22.417950 0.000000 1.000000 0.000000 -2.343745 -0.000000 0.000000 1.000000 0.000000 0.000000 0.000000 0.000000 1.000000
1.000000 -0.000000 -0.000000 -21.955183 0.000000 1.000000 0.000000 -2.343745 -0.000000 0.000000 1.000000 -0.000000 0.000000 0.000000 0.000000 1.000000
1.000000 -0.000000 -0.000000 -21.641163 0.000000 1.000000 0.000000 -2.343745 -0.000000 0.000000 1.000000 -0.000000 0.000000 0.000000 0.000000 1.000000
1.000000 -0.000000 -0.000000 -21.525471 0.000000 1.000000 0.000000 -2.343745 -0.000000 0.000000 1.000000 -0.000000 0.000000 0.000000 0.000000 1.000000
0.999998 -0.002026 0.000269 -21.558819 0.002026 0.999996 0.002004 -2.363264 -0.000273 -0.002003 0.999998 -0.001056 0.000000 0.000000 0.000000 1.000000
0.999972 -0.007374 0.000932 -21.792257 0.007366 0.999937 0.008454 -2.427612 -0.000994 -0.008447 0.999964 -0.003574 0.000000 0.000000 0.000000 1.000000
0.999887 -0.014952 0.001715 -22.425873 0.014915 0.999689 0.020008 -2.545471 -0.002013 -0.019980 0.999798 -0.006580 0.000000 0.000000 0.000000 1.000000
0.999717 -0.023669 0.002301 -23.659760 0.023567 0.999026 0.037315 -2.725525 -0.003182 -0.037250 0.999301 -0.009098 0.000000 0.000000 0.000000 1.000000
0.999471 -0.032421 0.002378 -25.694002 0.032216 0.997618 0.060999 -2.976457 -0.004350 -0.060891 0.998135 -0.010154 0.000000 0.000000 0.000000 1.000000
0.999123 -0.041832 0.001870 -28.718992 0.041497 0.995125 0.089464 -3.314537 -0.005604 -0.089308 0.995988 -0.009870 0.000000 0.000000 0.000000 1.000000
0.998603 -0.052844 0.000719 -32.606319 0.052374 0.991346 0.120373 -3.732167 -0.007074 -0.120167 0.992728 -0.009098 0.000000 0.000000 0.000000 1.000000
0.997897 -0.064807 -0.001269 -37.077866 0.064236 0.986103 0.153213 -4.202229 -0.008678 -0.152972 0.988192 -0.007961 0.000000 0.000000 0.000000 1.000000
0.997018 -0.077054 -0.004197 -41.855530 0.076473 0.979292 0.187456 -4.697603 -0.010334 -0.187218 0.982264 -0.006580 0.000000 0.000000 0.000000 1.000000
0.996006 -0.088916 -0.008065 -46.661190 0.088477 0.970893 0.222575 -5.191170 -0.011960 -0.222399 0.974882 -0.005077 0.000000 0.000000 0.000000 1.000000
0.994932 -0.099736 -0.012760 -51.216743 0.099642 0.960980 0.258047 -5.655809 -0.013474 -0.258011 0.966048 -0.003574 0.000000 0.000000 0.000000 1.000000
0.993892 -0.108874 -0.018055 -55.244068 0.109365 0.949721 0.293377 -6.064404 -0.014794 -0.293559 0.955826 -0.002193 0.000000 0.000000 0.000000 1.000000
0.993000 -0.115729 -0.023611 -58.465057 0.117046 0.937365 0.328097 -6.389833 -0.015838 -0.328564 0.944349 -0.001056 0.000000 0.000000 0.000000 1.000000
0.992382 -0.119740 -0.028993 -60.601601 0.122087 0.924233 0.361785 -6.604978 -0.016524 -0.362568 0.931811 -0.000284 0.000000 0.000000 0.000000 1.000000
0.992154 -0.120396 -0.033688 -61.375584 0.123891 0.910678 0.394103 -6.682720 -0.016769 -0.395185 0.918449 -0.000000 0.000000 0.000000 0.000000 1.000000
0.992703 -0.113757 -0.039993 -59.460648 0.119682 0.889041 0.441907 -6.474217 -0.014714 -0.443469 0.896169 -0.000000 0.000000 0.000000 0.000000 1.000000
0.994078 -0.098951 -0.044913 -54.262966 0.108340 0.870433 0.480218 -5.908281 -0.008425 -0.482240 0.875999 -0.000000 0.000000 0.000000 0.000000 1.000000
0.995791 -0.077300 -0.049237 -46.603222 0.091619 0.853432 0.513089 -5.074270 0.002359 -0.515441 0.856922 -0.000000 0.000000 0.000000 0.000000 1.000000
0.997296 -0.049934 -0.053921 -37.302105 0.071279 0.835870 0.544280 -4.061542 0.017892 -0.546652 0.837169 -0.000000 0.000000 0.000000 0.000000 1.000000
0.998054 -0.017809 -0.059758 -27.180302 0.049108 0.815082 0.577261 -2.959456 0.038428 -0.579072 0.814370 -0.000000 0.000000 0.000000 0.000000 1.000000
0.997574 0.018342 -0.067160 -17.058496 0.026923 0.787983 0.615108 -1.857370 0.064204 -0.615423 0.785578 0.000000 0.000000 0.000000 0.000000 1.000000
0.995414 0.058102 -0.075998 -7.757381 0.006572 0.751020 0.660247 -0.844642 0.095438 -0.657718 0.747194 -0.000000 0.000000 0.000000 0.000000 1.000000
0.991157 0.101487 -0.085492 -0.097638 -0.010089 0.700035 0.714038 -0.010631 0.132313 -0.706860 0.694868 -0.000000 0.000000 0.000000 0.000000 1.000000
0.984347 0.149033 -0.094074 5.100044 -0.021231 0.630167 0.776169 0.555305 0.174957 -0.762023 0.623467 0.000000 0.000000 0.000000 0.000000 1.000000
0.974399 0.201777 -0.099159 7.014981 -0.025106 0.535944 0.843880 0.763808 0.223419 -0.819786 0.527290 -0.000000 0.000000 0.000000 0.000000 1.000000
0.945035 0.311320 -0.099947 7.014981 -0.020691 0.362005 0.931947 0.763808 0.326314 -0.878654 0.348549 -0.000000 0.000000 0.000000 0.000000 1.000000
0.877753 0.478395 -0.026206 7.014981 -0.011746 0.076167 0.997026 0.763808 0.478969 -0.874835 0.072475 -0.000000 0.000000 0.000000 0.000000 1.000000
0.794022 0.585508 0.163427 7.014981 -0.003868 -0.263973 0.964522 0.763808 0.607876 -0.766484 -0.207336 -0.000000 0.000000 0.000000 0.000000 1.000000
0.751182 0.539082 0.380941 7.014981 -0.000753 -0.576400 0.817167 0.763808 0.660094 -0.614129 -0.432575 -0.000000 0.000000 0.000000 0.000000 1.000000
0.751182 0.373949 0.543955 7.014981 -0.000753 -0.823570 0.567214 0.763808 0.660094 -0.426491 -0.618370 -0.000000 0.000000 0.000000 0.000000 1.000000
0.751182 0.146523 0.643627 7.014981 -0.000753 -0.974862 0.222808 0.763808 0.660094 -0.167855 -0.732189 -0.000000 0.000000 0.000000 0.000000 1.000000
0.751182 -0.105383 0.651628 7.014981 -0.000753 -0.987310 -0.158803 0.763808 0.660094 0.118799 -0.741729 -0.000000 0.000000 0.000000 0.000000 1.000000
0.751182 -0.334236 0.569220 7.014981 -0.000753 -0.862765 -0.505605 0.763808 0.660094 0.379373 -0.648345 -0.000000 0.000000 0.000000 0.000000 1.000000
0.751182 -0.503961 0.426320 7.014981 -0.000753 -0.646500 -0.762913 0.763808 0.660094 0.572766 -0.486019 -0.000000 0.000000 0.000000 0.000000 1.000000
0.776058 -0.589272 0.224706 6.545206 -0.000579 -0.356968 -0.934116 0.712658 0.630662 0.724798 -0.277369 -0.000000 0.000000 0.000000 0.000000 1.000000
0.836022 -0.548692 -0.002123 5.232951 -0.000058 0.003781 -0.999993 0.569776 0.548696 0.836016 0.003129 -0.000000 0.000000 0.000000 0.000000 1.000000
0.905957 -0.393384 -0.156494 3.223824 0.000804 0.371238 -0.928538 0.351018 0.423368 0.841090 0.336642 0.000000 0.000000 0.000000 0.000000 1.000000
0.963101 -0.199708 -0.180428 0.663432 0.001912 0.675442 -0.737411 0.072236 0.269135 0.709856 0.650900 -0.000000 0.000000 0.000000 0.000000 1.000000
0.994187 -0.054880 -0.092628 -2.302619 0.003064 0.874409 -0.485180 -0.250715 0.107621 0.482076 0.869494 0.000000 0.000000 0.000000 0.000000 1.000000
0.999351 0.004804 0.035712 -5.528722 0.004036 0.969912 -0.243423 -0.601980 -0.035806 0.243409 0.969263 -0.000000 0.000000 0.000000 0.000000 1.000000
0.990562 0.005072 0.136970 -8.869269 0.004671 0.997485 -0.070724 -0.965707 -0.136984 0.070697 0.988047 -0.000000 0.000000 0.000000 0.000000 1.000000
0.984548 -0.003967 0.175072 -12.178657 0.004896 0.999976 -0.004874 -1.326041 -0.175048 0.005656 0.984544 -0.000000 0.000000 0.000000 0.000000 1.000000
0.987588 -0.003994 0.157014 -16.647097 0.004400 0.999988 -0.002242 -1.812575 -0.157003 0.002905 0.987594 -0.000000 0.000000 0.000000 0.000000 1.000000
0.993502 -0.003081 0.113775 -22.609446 0.003201 0.999994 -0.000874 -2.461770 -0.113772 0.001233 0.993506 -0.000000 0.000000 0.000000 0.000000 1.000000
0.998081 -0.001728 0.061897 -28.637062 0.001747 0.999998 -0.000259 -3.118072 -0.061896 0.000367 0.998083 -0.000000 0.000000 0.000000 0.000000 1.000000
0.999832 -0.000516 0.018298 -33.301304 0.000517 1.000000 -0.000036 -3.625925 -0.018298 0.000046 0.999833 0.000000 0.000000 0.000000 0.000000 1.000000
1.000000 -0.000000 -0.000000 -35.173527 0.000000 1.000000 -0.000000 -3.829777 -0.000000 0.000000 1.000000 -0.000000 0.000000 0.000000 0.000000 1.000000
1.000000 -0.000000 -0.000000 -33.754131 0.000000 1.000000 -0.000000 -3.675230 -0.000000 0.000000 1.000000 -0.000000 0.000000 0.000000 0.000000 1.000000
1.000000 -0.000000 -0.000000 -30.369411 0.000000 1.000000 -0.000000 -3.306694 -0.000000 0.000000 1.000000 -0.000000 0.000000 0.000000 0.000000 1.000000
1.000000 -0.000000 -0.000000 -26.329586 0.000000 1.000000 -0.000000 -2.866828 -0.000000 0.000000 1.000000 -0.000000 0.000000 0.000000 0.000000 1.000000
1.000000 -0.000000 -0.000000 -22.944868 0.000000 1.000000 -0.000000 -2.498292 -0.000000 0.000000 1.000000 -0.000000 0.000000 0.000000 0.000000 1.000000
1.000000 -0.000000 -0.000000 -21.525471 0.000000 1.000000 -0.000000 -2.343745 -0.000000 0.000000 1.000000 -0.000000 0.000000 0.000000 0.000000 1.000000</float_array><technique_common><accessor source="#hipCtrl-Matrix-animation-output-transform-array" count="96" stride="16"><param type="float4x4"/></accessor></technique_common></source><source id="hipCtrl-Interpolations"><Name_array id="hipCtrl-Interpolations-array" count="96">
 LINEAR LINEAR LINEAR LINEAR LINEAR LINEAR LINEAR LINEAR LINEAR LINEAR LINEAR
LINEAR LINEAR LINEAR LINEAR LINEAR LINEAR LINEAR LINEAR LINEAR LINEAR LINEAR LINEAR
LINEAR LINEAR LINEAR LINEAR LINEAR LINEAR LINEAR LINEAR LINEAR LINEAR LINEAR LINEAR
LINEAR LINEAR LINEAR LINEAR LINEAR LINEAR LINEAR LINEAR LINEAR LINEAR LINEAR LINEAR
LINEAR LINEAR LINEAR LINEAR LINEAR LINEAR LINEAR LINEAR LINEAR LINEAR LINEAR LINEAR
LINEAR LINEAR LINEAR LINEAR LINEAR LINEAR LINEAR LINEAR LINEAR LINEAR LINEAR LINEAR
LINEAR LINEAR LINEAR LINEAR LINEAR LINEAR LINEAR LINEAR LINEAR LINEAR LINEAR LINEAR
LINEAR LINEAR LINEAR LINEAR LINEAR LINEAR LINEAR LINEAR LINEAR LINEAR LINEAR LINEAR
LINEAR</Name_array><technique_common><accessor source="#hipCtrl-Interpolations-array" count="96"><param type="name"/></accessor></technique_common></source><sampler id="hipCtrl-Matrix-animation-transform"><input semantic="INPUT" source="#hipCtrl-Matrix-animation-input"/><input semantic="OUTPUT" source="#hipCtrl-Matrix-animation-output-transform"/><input semantic="INTERPOLATION" source="#hipCtrl-Interpolations"/></sampler><channel source="#hipCtrl-Matrix-animation-transform" target="hipCtrl/matrix"/></animation></animation>
    <animation id="spine1Ctrl-anim" name="spine1Ctrl"><animation><source id="spine1Ctrl-Matrix-animation-input"><float_array id="spine1Ctrl-Matrix-animation-input-array" count="96">

0.041667 0.083333 0.125000 0.166667 0.208333 0.250000 0.291667 0.333333 0.375000 0.416667 0.458333 0.500000 0.541667 0.583333 0.625000 0.666667
0.708333 0.750000 0.791667 0.833333 0.875000 0.916667 0.958333 1.000000 1.041667 1.083333 1.125000 1.166667 1.208333 1.250000 1.291667 1.333333
1.375000 1.416667 1.458333 1.500000 1.541667 1.583333 1.625000 1.666667 1.708333 1.750000 1.791667 1.833333 1.875000 1.916667 1.958333 2.000000
2.041667 2.083333 2.125000 2.166667 2.208333 2.250000 2.291667 2.333333 2.375000 2.416667 2.458333 2.500000 2.541667 2.583333 2.625000 2.666667
2.708333 2.750000 2.791667 2.833333 2.875000 2.916667 2.958333 3.000000 3.041667 3.083333 3.125000 3.166667 3.208333 3.250000 3.291667 3.333333
3.375000 3.416667 3.458333 3.500000 3.541667 3.583333 3.625000 3.666667 3.708333 3.750000 3.791667 3.833333 3.875000 3.916667 3.958333 4.000000</float_array><technique_common><accessor source="#spine1Ctrl-Matrix-animation-input-array" count="96"><param name="TIME" type="float"/></accessor></technique_common></source><source id="spine1Ctrl-Matrix-animation-output-transform"><float_array id="spine1Ctrl-Matrix-animation-output-transform-array" count="1536">

1.000000 0.000000 -0.000000 0.000000 0.000000 1.000000 0.000000 0.000000 0.000000 -0.000000 1.000000 0.000000 0.000000 0.000000 0.000000 1.000000
1.000000 -0.000000 0.000000 0.000000 0.000000 0.996493 0.083681 0.000000 0.000000 -0.083681 0.996493 0.000000 0.000000 0.000000 0.000000 1.000000
1.000000 0.000000 0.000000 0.000000 0.000000 0.985995 0.166775 0.000000 0.000000 -0.166775 0.985995 0.000000 0.000000 0.000000 0.000000 1.000000
1.000000 -0.000673 -0.000103 0.000000 0.000681 0.986102 0.166137 0.000000 -0.000010 -0.166137 0.986103 0.000000 0.000000 0.000000 0.000000 1.000000
0.999997 -0.002609 -0.000394 0.000000 0.002638 0.986410 0.164283 0.000000 -0.000040 -0.164283 0.986413 0.000000 0.000000 0.000000 0.000000 1.000000
0.999983 -0.005683 -0.000841 0.000000 0.005744 0.986888 0.161305 0.000000 -0.000087 -0.161307 0.986904 0.000000 0.000000 0.000000 0.000000 1.000000
0.999951 -0.009772 -0.001406 0.000000 0.009871 0.987502 0.157294 0.000000 -0.000149 -0.157300 0.987551 0.000000 0.000000 0.000000 0.000000 1.000000
0.999889 -0.014752 -0.002047 0.000000 0.014892 0.988216 0.152342 0.000000 -0.000225 -0.152355 0.988326 0.000000 0.000000 0.000000 0.000000 1.000000
0.999786 -0.020500 -0.002722 0.000000 0.020677 0.988989 0.146539 0.000000 -0.000312 -0.146564 0.989201 0.000000 0.000000 0.000000 0.000000 1.000000
0.999633 -0.026890 -0.003390 0.000000 0.027100 0.989784 0.139977 0.000000 -0.000409 -0.140018 0.990149 0.000000 0.000000 0.000000 0.000000 1.000000
0.999421 -0.033799 -0.004011 0.000000 0.034032 0.990565 0.132750 0.000000 -0.000513 -0.132810 0.991141 0.000000 0.000000 0.000000 0.000000 1.000000
0.999145 -0.041099 -0.004551 0.000000 0.041346 0.991301 0.124950 0.000000 -0.000624 -0.125032 0.992153 0.000000 0.000000 0.000000 0.000000 1.000000
0.998803 -0.048663 -0.004980 0.000000 0.048912 0.991965 0.116673 0.000000 -0.000738 -0.116777 0.993158 0.000000 0.000000 0.000000 0.000000 1.000000
0.998396 -0.056362 -0.005273 0.000000 0.056602 0.992537 0.108015 0.000000 -0.000854 -0.108140 0.994135 0.000000 0.000000 0.000000 0.000000 1.000000
0.997931 -0.064068 -0.005415 0.000000 0.064289 0.993001 0.099071 0.000000 -0.000970 -0.099214 0.995066 0.000000 0.000000 0.000000 0.000000 1.000000
0.997415 -0.071651 -0.005396 0.000000 0.071845 0.993353 0.089938 0.000000 -0.001084 -0.090093 0.995933 0.000000 0.000000 0.000000 0.000000 1.000000
0.996863 -0.078980 -0.005214 0.000000 0.079143 0.993590 0.080714 0.000000 -0.001195 -0.080874 0.996724 0.000000 0.000000 0.000000 0.000000 1.000000
0.996290 -0.085926 -0.004875 0.000000 0.086055 0.993722 0.071495 0.000000 -0.001299 -0.071650 0.997429 0.000000 0.000000 0.000000 0.000000 1.000000
0.995716 -0.092360 -0.004393 0.000000 0.092454 0.993761 0.062378 0.000000 -0.001396 -0.062517 0.998043 0.000000 0.000000 0.000000 0.000000 1.000000
0.995164 -0.098152 -0.003787 0.000000 0.098214 0.993728 0.053459 0.000000 -0.001483 -0.053572 0.998563 0.000000 0.000000 0.000000 0.000000 1.000000
0.994658 -0.103175 -0.003086 0.000000 0.103209 0.993649 0.044831 0.000000 -0.001559 -0.044910 0.998990 0.000000 0.000000 0.000000 0.000000 1.000000
0.994224 -0.107301 -0.002320 0.000000 0.107314 0.993552 0.036590 0.000000 -0.001621 -0.036628 0.999328 0.000000 0.000000 0.000000 0.000000 1.000000
0.993886 -0.110403 -0.001524 0.000000 0.110401 0.993469 0.028828 0.000000 -0.001668 -0.028820 0.999583 0.000000 0.000000 0.000000 0.000000 1.000000
0.993668 -0.112357 -0.000738 0.000000 0.112346 0.993434 0.021637 0.000000 -0.001698 -0.021583 0.999766 0.000000 0.000000 0.000000 0.000000 1.000000
0.993591 -0.113036 -0.000000 0.000000 0.113023 0.993478 0.015110 0.000000 -0.001708 -0.015013 0.999886 0.000000 0.000000 0.000000 0.000000 1.000000
0.994854 -0.101321 0.000562 0.000000 0.101311 0.994809 0.009586 0.000000 -0.001530 -0.009480 0.999954 0.000000 0.000000 0.000000 0.000000 1.000000
0.997307 -0.073335 0.000718 0.000000 0.073330 0.997294 0.005327 0.000000 -0.001107 -0.005260 0.999986 0.000000 0.000000 0.000000 0.000000 1.000000
0.999205 -0.039860 0.000509 0.000000 0.039859 0.999203 0.002328 0.000000 -0.000601 -0.002306 0.999997 0.000000 0.000000 0.000000 0.000000 1.000000
0.999931 -0.011779 0.000171 0.000000 0.011779 0.999930 0.000571 0.000000 -0.000178 -0.000568 1.000000 0.000000 0.000000 0.000000 0.000000 1.000000
1.000000 0.000000 -0.000000 0.000000 0.000000 1.000000 0.000000 0.000000 0.000000 -0.000000 1.000000 0.000000 0.000000 0.000000 0.000000 1.000000
1.000000 0.000000 -0.000000 0.000000 0.000000 1.000000 0.000000 0.000000 0.000000 -0.000000 1.000000 0.000000 0.000000 0.000000 0.000000 1.000000
1.000000 0.000000 -0.000000 0.000000 0.000000 1.000000 0.000000 0.000000 0.000000 -0.000000 1.000000 0.000000 0.000000 0.000000 0.000000 1.000000
1.000000 0.000000 -0.000000 0.000000 0.000000 1.000000 0.000000 0.000000 0.000000 -0.000000 1.000000 0.000000 0.000000 0.000000 0.000000 1.000000
1.000000 0.000000 -0.000000 0.000000 0.000000 1.000000 0.000000 0.000000 0.000000 -0.000000 1.000000 0.000000 0.000000 0.000000 0.000000 1.000000
0.999993 0.002869 0.002410 0.000000 -0.002860 0.999990 -0.003490 0.000000 -0.002420 0.003483 0.999991 0.000000 0.000000 0.000000 0.000000 1.000000
0.999903 0.010740 0.008851 0.000000 -0.010624 0.999859 -0.013030 0.000000 -0.008990 0.012935 0.999876 0.000000 0.000000 0.000000 0.000000 1.000000
0.999582 0.022558 0.018067 0.000000 -0.022061 0.999385 -0.027268 0.000000 -0.018671 0.026858 0.999465 0.000000 0.000000 0.000000 0.000000 1.000000
0.998891 0.037249 0.028801 0.000000 -0.035936 0.998348 -0.044833 0.000000 -0.030424 0.043748 0.998579 0.000000 0.000000 0.000000 0.000000 1.000000
0.997763 0.053642 0.039896 0.000000 -0.051011 0.996628 -0.064271 0.000000 -0.043209 0.062092 0.997135 0.000000 0.000000 0.000000 0.000000 1.000000
0.996244 0.070435 0.050357 0.000000 -0.066048 0.994272 -0.084027 0.000000 -0.055987 0.080385 0.995190 0.000000 0.000000 0.000000 0.000000 1.000000
0.994506 0.086201 0.059393 0.000000 -0.079825 0.991531 -0.102440 0.000000 -0.067721 0.097137 0.992964 0.000000 0.000000 0.000000 0.000000 1.000000
0.992828 0.099411 0.066409 0.000000 -0.091135 0.988849 -0.117778 0.000000 -0.077377 0.110881 0.990817 0.000000 0.000000 0.000000 0.000000 1.000000
0.991563 0.108486 0.070946 0.000000 -0.098788 0.986807 -0.128269 0.000000 -0.083925 0.120178 0.989199 0.000000 0.000000 0.000000 0.000000 1.000000
0.991072 0.111851 0.072571 0.000000 -0.101603 0.986009 -0.132150 0.000000 -0.086337 0.123597 0.988570 0.000000 0.000000 0.000000 0.000000 1.000000
0.991095 0.111690 0.072494 0.000000 -0.101468 0.986047 -0.131965 0.000000 -0.086222 0.123434 0.988600 0.000000 0.000000 0.000000 0.000000 1.000000
0.991165 0.111216 0.072267 0.000000 -0.101072 0.986161 -0.131418 0.000000 -0.085883 0.122953 0.988689 0.000000 0.000000 0.000000 0.000000 1.000000
0.991279 0.110443 0.071895 0.000000 -0.100427 0.986345 -0.130527 0.000000 -0.085329 0.122169 0.988835 0.000000 0.000000 0.000000 0.000000 1.000000
0.991433 0.109386 0.071384 0.000000 -0.099542 0.986595 -0.129308 0.000000 -0.084572 0.121095 0.989032 0.000000 0.000000 0.000000 0.000000 1.000000
0.991624 0.108061 0.070739 0.000000 -0.098431 0.986906 -0.127778 0.000000 -0.083620 0.119745 0.989277 0.000000 0.000000 0.000000 0.000000 1.000000
0.991850 0.106481 0.069963 0.000000 -0.097105 0.987272 -0.125954 0.000000 -0.082484 0.118134 0.989566 0.000000 0.000000 0.000000 0.000000 1.000000
0.992107 0.104662 0.069062 0.000000 -0.095574 0.987687 -0.123852 0.000000 -0.081174 0.116274 0.989894 0.000000 0.000000 0.000000 0.000000 1.000000
0.992391 0.102618 0.068039 0.000000 -0.093850 0.988146 -0.121490 0.000000 -0.079699 0.114180 0.990258 0.000000 0.000000 0.000000 0.000000 1.000000
0.992699 0.100367 0.066898 0.000000 -0.091945 0.988642 -0.118885 0.000000 -0.078070 0.111866 0.990652 0.000000 0.000000 0.000000 0.000000 1.000000
0.993027 0.097922 0.065643 0.000000 -0.089870 0.989169 -0.116053 0.000000 -0.076296 0.109344 0.991072 0.000000 0.000000 0.000000 0.000000 1.000000
0.993371 0.095298 0.064278 0.000000 -0.087636 0.989721 -0.113012 0.000000 -0.074387 0.106630 0.991512 0.000000 0.000000 0.000000 0.000000 1.000000
0.993729 0.092513 0.062807 0.000000 -0.085254 0.990293 -0.109779 0.000000 -0.072354 0.103736 0.991970 0.000000 0.000000 0.000000 0.000000 1.000000
0.994095 0.089579 0.061235 0.000000 -0.082737 0.990878 -0.106371 0.000000 -0.070205 0.100676 0.992439 0.000000 0.000000 0.000000 0.000000 1.000000
0.994468 0.086514 0.059565 0.000000 -0.080096 0.991472 -0.102805 0.000000 -0.067952 0.097465 0.992916 0.000000 0.000000 0.000000 0.000000 1.000000
0.994844 0.083332 0.057804 0.000000 -0.077341 0.992067 -0.099098 0.000000 -0.065603 0.094117 0.993397 0.000000 0.000000 0.000000 0.000000 1.000000
0.995219 0.080047 0.055954 0.000000 -0.074485 0.992661 -0.095268 0.000000 -0.063169 0.090645 0.993878 0.000000 0.000000 0.000000 0.000000 1.000000
0.995591 0.076676 0.054022 0.000000 -0.071540 0.993248 -0.091331 0.000000 -0.060660 0.087063 0.994354 0.000000 0.000000 0.000000 0.000000 1.000000
0.995958 0.073232 0.052014 0.000000 -0.068516 0.993823 -0.087303 0.000000 -0.058086 0.083386 0.994823 0.000000 0.000000 0.000000 0.000000 1.000000
0.996315 0.069731 0.049936 0.000000 -0.065425 0.994383 -0.083201 0.000000 -0.055457 0.079628 0.995281 0.000000 0.000000 0.000000 0.000000 1.000000
0.996662 0.066186 0.047794 0.000000 -0.062280 0.994924 -0.079043 0.000000 -0.052783 0.075802 0.995725 0.000000 0.000000 0.000000 0.000000 1.000000
0.996996 0.062612 0.045594 0.000000 -0.059092 0.995443 -0.074843 0.000000 -0.050073 0.071924 0.996152 0.000000 0.000000 0.000000 0.000000 1.000000
0.997315 0.059023 0.043345 0.000000 -0.055873 0.995937 -0.070619 0.000000 -0.047337 0.068008 0.996561 0.000000 0.000000 0.000000 0.000000 1.000000
0.997618 0.055433 0.041054 0.000000 -0.052634 0.996405 -0.066386 0.000000 -0.044587 0.064067 0.996949 0.000000 0.000000 0.000000 0.000000 1.000000
0.997903 0.051855 0.038730 0.000000 -0.049387 0.996844 -0.062160 0.000000 -0.041831 0.060117 0.997314 0.000000 0.000000 0.000000 0.000000 1.000000
0.998170 0.048302 0.036380 0.000000 -0.046145 0.997252 -0.057956 0.000000 -0.039080 0.056171 0.997656 0.000000 0.000000 0.000000 0.000000 1.000000
0.998417 0.044786 0.034015 0.000000 -0.042919 0.997629 -0.053790 0.000000 -0.036343 0.052245 0.997973 0.000000 0.000000 0.000000 0.000000 1.000000
0.998645 0.041322 0.031643 0.000000 -0.039720 0.997975 -0.049677 0.000000 -0.033631 0.048353 0.998264 0.000000 0.000000 0.000000 0.000000 1.000000
0.998852 0.037921 0.029274 0.000000 -0.036562 0.998289 -0.045632 0.000000 -0.030954 0.044509 0.998529 0.000000 0.000000 0.000000 0.000000 1.000000
0.999039 0.034595 0.026919 0.000000 -0.033456 0.998571 -0.041669 0.000000 -0.028322 0.040729 0.998769 0.000000 0.000000 0.000000 0.000000 1.000000
0.999206 0.031356 0.024588 0.000000 -0.030413 0.998822 -0.037803 0.000000 -0.025744 0.037025 0.998983 0.000000 0.000000 0.000000 0.000000 1.000000
0.999353 0.028215 0.022292 0.000000 -0.027446 0.999043 -0.034048 0.000000 -0.023231 0.033414 0.999172 0.000000 0.000000 0.000000 0.000000 1.000000
0.999482 0.025184 0.020042 0.000000 -0.024567 0.999235 -0.030417 0.000000 -0.020793 0.029909 0.999336 0.000000 0.000000 0.000000 0.000000 1.000000
0.999593 0.022273 0.017851 0.000000 -0.021788 0.999400 -0.026926 0.000000 -0.018440 0.026526 0.999478 0.000000 0.000000 0.000000 0.000000 1.000000
0.999686 0.019494 0.015729 0.000000 -0.019120 0.999539 -0.023586 0.000000 -0.016181 0.023278 0.999598 0.000000 0.000000 0.000000 0.000000 1.000000
0.999764 0.016857 0.013688 0.000000 -0.016576 0.999654 -0.020412 0.000000 -0.014027 0.020181 0.999698 0.000000 0.000000 0.000000 0.000000 1.000000
0.999828 0.014373 0.011741 0.000000 -0.014167 0.999748 -0.017417 0.000000 -0.011989 0.017248 0.999779 0.000000 0.000000 0.000000 0.000000 1.000000
0.999878 0.012051 0.009900 0.000000 -0.011905 0.999822 -0.014614 0.000000 -0.010074 0.014495 0.999844 0.000000 0.000000 0.000000 0.000000 1.000000
0.999918 0.009902 0.008177 0.000000 -0.009803 0.999880 -0.012016 0.000000 -0.008295 0.011935 0.999894 0.000000 0.000000 0.000000 0.000000 1.000000
0.999947 0.007935 0.006585 0.000000 -0.007872 0.999923 -0.009636 0.000000 -0.006661 0.009584 0.999932 0.000000 0.000000 0.000000 0.000000 1.000000
0.999968 0.006162 0.005135 0.000000 -0.006123 0.999953 -0.007487 0.000000 -0.005181 0.007455 0.999959 0.000000 0.000000 0.000000 0.000000 1.000000
0.999982 0.004591 0.003841 0.000000 -0.004570 0.999974 -0.005581 0.000000 -0.003867 0.005563 0.999977 0.000000 0.000000 0.000000 0.000000 1.000000
0.999991 0.003233 0.002714 0.000000 -0.003223 0.999987 -0.003932 0.000000 -0.002727 0.003923 0.999989 0.000000 0.000000 0.000000 0.000000 1.000000
0.999996 0.002098 0.001766 0.000000 -0.002094 0.999995 -0.002553 0.000000 -0.001772 0.002549 0.999995 0.000000 0.000000 0.000000 0.000000 1.000000
0.999999 0.001197 0.001010 0.000000 -0.001196 0.999998 -0.001457 0.000000 -0.001012 0.001456 0.999998 0.000000 0.000000 0.000000 0.000000 1.000000
1.000000 0.000540 0.000456 0.000000 -0.000539 1.000000 -0.000657 0.000000 -0.000456 0.000657 1.000000 0.000000 0.000000 0.000000 0.000000 1.000000
1.000000 0.000137 0.000116 0.000000 -0.000137 1.000000 -0.000167 0.000000 -0.000116 0.000167 1.000000 0.000000 0.000000 0.000000 0.000000 1.000000
1.000000 0.000000 0.000000 0.000000 0.000000 1.000000 0.000000 0.000000 -0.000000 0.000000 1.000000 0.000000 0.000000 0.000000 0.000000 1.000000
1.000000 0.000000 0.000000 0.000000 0.000000 1.000000 0.000000 0.000000 -0.000000 0.000000 1.000000 0.000000 0.000000 0.000000 0.000000 1.000000
1.000000 0.000000 0.000000 0.000000 0.000000 1.000000 0.000000 0.000000 -0.000000 0.000000 1.000000 0.000000 0.000000 0.000000 0.000000 1.000000
1.000000 0.000000 0.000000 0.000000 0.000000 1.000000 0.000000 0.000000 -0.000000 0.000000 1.000000 0.000000 0.000000 0.000000 0.000000 1.000000
1.000000 0.000000 0.000000 0.000000 0.000000 1.000000 0.000000 0.000000 -0.000000 0.000000 1.000000 0.000000 0.000000 0.000000 0.000000 1.000000
1.000000 0.000000 0.000000 0.000000 0.000000 1.000000 0.000000 0.000000 -0.000000 0.000000 1.000000 0.000000 0.000000 0.000000 0.000000 1.000000</float_array><technique_common><accessor source="#spine1Ctrl-Matrix-animation-output-transform-array" count="96" stride="16"><param type="float4x4"/></accessor></technique_common></source><source id="spine1Ctrl-Interpolations"><Name_array id="spine1Ctrl-Interpolations-array" count="96">
 LINEAR LINEAR LINEAR LINEAR LINEAR LINEAR LINEAR LINEAR LINEAR LINEAR LINEAR
LINEAR LINEAR LINEAR LINEAR LINEAR LINEAR LINEAR LINEAR LINEAR LINEAR LINEAR LINEAR
LINEAR LINEAR LINEAR LINEAR LINEAR LINEAR LINEAR LINEAR LINEAR LINEAR LINEAR LINEAR
LINEAR LINEAR LINEAR LINEAR LINEAR LINEAR LINEAR LINEAR LINEAR LINEAR LINEAR LINEAR
LINEAR LINEAR LINEAR LINEAR LINEAR LINEAR LINEAR LINEAR LINEAR LINEAR LINEAR LINEAR
LINEAR LINEAR LINEAR LINEAR LINEAR LINEAR LINEAR LINEAR LINEAR LINEAR LINEAR LINEAR
LINEAR LINEAR LINEAR LINEAR LINEAR LINEAR LINEAR LINEAR LINEAR LINEAR LINEAR LINEAR
LINEAR LINEAR LINEAR LINEAR LINEAR LINEAR LINEAR LINEAR LINEAR LINEAR LINEAR LINEAR
LINEAR</Name_array><technique_common><accessor source="#spine1Ctrl-Interpolations-array" count="96"><param type="name"/></accessor></technique_common></source><sampler id="spine1Ctrl-Matrix-animation-transform"><input semantic="INPUT" source="#spine1Ctrl-Matrix-animation-input"/><input semantic="OUTPUT" source="#spine1Ctrl-Matrix-animation-output-transform"/><input semantic="INTERPOLATION" source="#spine1Ctrl-Interpolations"/></sampler><channel source="#spine1Ctrl-Matrix-animation-transform" target="spine1Ctrl/matrix"/></animation><animation><source id="spine1Ctrl-visibility-animation-input"><float_array id="spine1Ctrl-visibility-animation-input-array" count="8">

0.041667 0.125000 1.041667 1.250000 1.416667 1.833333 3.791667 4.000000</float_array><technique_common><accessor source="#spine1Ctrl-visibility-animation-input-array" count="8"><param name="TIME" type="float"/></accessor></technique_common></source><source id="spine1Ctrl-visibility-animation-output"><float_array id="spine1Ctrl-visibility-animation-output-array" count="8">

1.000000 1.000000 1.000000 1.000000 1.000000 1.000000 1.000000 1.000000</float_array><technique_common><accessor source="#spine1Ctrl-visibility-animation-output-array" count="8"><param type="float"/></accessor></technique_common></source><source id="spine1Ctrl-visibility-animation-intan"><float_array id="spine1Ctrl-visibility-animation-intan-array" count="8">

0.000000 0.000000 0.000000 0.000000 0.000000 0.000000 0.000000 0.000000</float_array><technique_common><accessor source="#spine1Ctrl-visibility-animation-intan-array" count="8"><param type="float"/></accessor></technique_common></source><source id="spine1Ctrl-visibility-animation-outtan"><float_array id="spine1Ctrl-visibility-animation-outtan-array" count="8">

0.000000 0.000000 0.000000 0.000000 0.000000 0.000000 0.000000 0.000000</float_array><technique_common><accessor source="#spine1Ctrl-visibility-animation-outtan-array" count="8"><param type="float"/></accessor></technique_common></source><source id="spine1Ctrl-visibility-animation-interpolation"><Name_array id="spine1Ctrl-visibility-animation-interpolation-array" count="8">
 STEP STEP STEP STEP STEP STEP STEP STEP</Name_array><technique_common><accessor source="#spine1Ctrl-visibility-animation-interpolation-array" count="8"><param type="name"/></accessor></technique_common></source><sampler id="spine1Ctrl-visibility-animation"><input semantic="INPUT" source="#spine1Ctrl-visibility-animation-input"/><input semantic="OUTPUT" source="#spine1Ctrl-visibility-animation-output"/><input semantic="IN_TANGENT" source="#spine1Ctrl-visibility-animation-intan"/><input semantic="OUT_TANGENT" source="#spine1Ctrl-visibility-animation-outtan"/><input semantic="INTERPOLATION" source="#spine1Ctrl-visibility-animation-interpolation"/></sampler><channel source="#spine1Ctrl-visibility-animation" target="spine1Ctrl/visibility"/></animation></animation>
    <animation id="spine2Ctrl-anim" name="spine2Ctrl"><animation><source id="spine2Ctrl-Matrix-animation-input"><float_array id="spine2Ctrl-Matrix-animation-input-array" count="96">

0.041667 0.083333 0.125000 0.166667 0.208333 0.250000 0.291667 0.333333 0.375000 0.416667 0.458333 0.500000 0.541667 0.583333 0.625000 0.666667
0.708333 0.750000 0.791667 0.833333 0.875000 0.916667 0.958333 1.000000 1.041667 1.083333 1.125000 1.166667 1.208333 1.250000 1.291667 1.333333
1.375000 1.416667 1.458333 1.500000 1.541667 1.583333 1.625000 1.666667 1.708333 1.750000 1.791667 1.833333 1.875000 1.916667 1.958333 2.000000
2.041667 2.083333 2.125000 2.166667 2.208333 2.250000 2.291667 2.333333 2.375000 2.416667 2.458333 2.500000 2.541667 2.583333 2.625000 2.666667
2.708333 2.750000 2.791667 2.833333 2.875000 2.916667 2.958333 3.000000 3.041667 3.083333 3.125000 3.166667 3.208333 3.250000 3.291667 3.333333
3.375000 3.416667 3.458333 3.500000 3.541667 3.583333 3.625000 3.666667 3.708333 3.750000 3.791667 3.833333 3.875000 3.916667 3.958333 4.000000</float_array><technique_common><accessor source="#spine2Ctrl-Matrix-animation-input-array" count="96"><param name="TIME" type="float"/></accessor></technique_common></source><source id="spine2Ctrl-Matrix-animation-output-transform"><float_array id="spine2Ctrl-Matrix-animation-output-transform-array" count="1536">

0.992741 -0.085861 -0.000000 0.000000 0.120270 0.708722 -0.000000 0.000000 0.000000 -0.000000 0.823682 0.000000 0.000000 0.000000 0.000000 1.000000
0.992741 -0.084417 -0.018093 0.000000 0.120270 0.696802 0.149344 0.000000 0.000000 -0.130387 0.809828 0.000000 0.000000 0.000000 0.000000 1.000000
0.992741 -0.080133 -0.035577 0.000000 0.120270 0.661441 0.293665 0.000000 0.000000 -0.256387 0.768731 0.000000 0.000000 0.000000 0.000000 1.000000
0.992741 -0.080744 -0.033689 0.000000 0.120270 0.666482 0.278076 0.000000 0.000000 -0.242777 0.774591 0.000000 0.000000 0.000000 0.000000 1.000000
0.992741 -0.082165 -0.028756 0.000000 0.120270 0.678207 0.237359 0.000000 0.000000 -0.207229 0.788217 0.000000 0.000000 0.000000 0.000000 1.000000
0.992741 -0.083740 -0.021886 0.000000 0.120270 0.691211 0.180649 0.000000 -0.000000 -0.157717 0.803330 0.000000 0.000000 0.000000 0.000000 1.000000
0.992741 -0.084966 -0.014273 0.000000 0.120270 0.701328 0.117812 0.000000 0.000000 -0.102857 0.815088 0.000000 0.000000 0.000000 0.000000 1.000000
0.992741 -0.085634 -0.007208 0.000000 0.120270 0.706844 0.059497 0.000000 0.000000 -0.051944 0.821499 0.000000 0.000000 0.000000 0.000000 1.000000
0.992741 -0.085844 -0.002016 0.000000 0.120270 0.708575 0.016638 0.000000 -0.000000 -0.014526 0.823512 0.000000 0.000000 0.000000 0.000000 1.000000
