<?xml version="1.0" encoding="utf-8"?>
<COLLADA xmlns="http://www.collada.org/2005/11/COLLADASchema" version="1.4.1">
  <asset><contributor><author></author><authoring_tool>FBX COLLADA exporter</authoring_tool><comments></comments></contributor><created>2017-06-19T07:07:52Z</created><keywords></keywords><modified>2017-06-19T07:07:52Z</modified><revision></revision><subject></subject><title></title><unit meter="1.000000" name="centimeter"></unit><up_axis>Y_UP</up_axis></asset>
  <library_animations>
    <animation id="hip-anim" name="hip"><animation><source id="hip-Matrix-animation-input"><float_array id="hip-Matrix-animation-input-array" count="30">

0.041667 0.083333 0.125000 0.166667 0.208333 0.250000 0.291667 0.333333 0.375000 0.416667 0.458333 0.500000 0.541667 0.583333 0.625000 0.666667
0.708333 0.750000 0.791667 0.833333 0.875000 0.916667 0.958333 1.000000 1.041667 1.083333 1.125000 1.166667 1.208333 1.250000</float_array><technique_common><accessor source="#hip-Matrix-animation-input-array" count="30"><param name="TIME" type="float"/></accessor></technique_common></source><source id="hip-Matrix-animation-output-transform"><float_array id="hip-Matrix-animation-output-transform-array" count="480">

-0.000797 0.005526 0.008296 0.000000 0.009867 0.001619 -0.000130 0.962363 -0.001416 0.008176 -0.005582 0.043144 0.000000 0.000000 0.000000 1.000000
-0.000795 0.005526 0.008297 0.000000 0.009867 0.001619 -0.000133 0.962426 -0.001417 0.008176 -0.005581 0.043238 0.000000 0.000000 0.000000 1.000000
-0.000788 0.005526 0.008297 0.000000 0.009867 0.001619 -0.000141 0.962604 -0.001422 0.008176 -0.005580 0.043503 0.000000 0.000000 0.000000 1.000000
-0.000778 0.005526 0.008298 0.000000 0.009867 0.001619 -0.000154 0.962876 -0.001429 0.008176 -0.005578 0.043909 0.000000 0.000000 0.000000 1.000000
-0.000765 0.005526 0.008299 0.000000 0.009867 0.001619 -0.000169 0.963224 -0.001437 0.008176 -0.005576 0.044429 0.000000 0.000000 0.000000 1.000000
-0.000749 0.005526 0.008301 0.000000 0.009866 0.001619 -0.000187 0.963630 -0.001448 0.008176 -0.005573 0.045034 0.000000 0.000000 0.000000 1.000000
-0.000733 0.005526 0.008302 0.000000 0.009866 0.001619 -0.000207 0.964073 -0.001459 0.008176 -0.005571 0.045695 0.000000 0.000000 0.000000 1.000000
-0.000715 0.005526 0.008304 0.000000 0.009865 0.001619 -0.000228 0.964536 -0.001471 0.008176 -0.005567 0.046385 0.000000 0.000000 0.000000 1.000000
-0.000698 0.005526 0.008305 0.000000 0.009865 0.001619 -0.000249 0.964998 -0.001482 0.008176 -0.005564 0.047075 0.000000 0.000000 0.000000 1.000000
-0.000681 0.005526 0.008307 0.000000 0.009864 0.001619 -0.000269 0.965442 -0.001494 0.008176 -0.005561 0.047736 0.000000 0.000000 0.000000 1.000000
-0.000665 0.005526 0.008308 0.000000 0.009864 0.001619 -0.000287 0.965847 -0.001504 0.008176 -0.005559 0.048341 0.000000 0.000000 0.000000 1.000000
-0.000652 0.005526 0.008309 0.000000 0.009863 0.001619 -0.000303 0.966196 -0.001513 0.008176 -0.005556 0.048861 0.000000 0.000000 0.000000 1.000000
-0.000642 0.005526 0.008310 0.000000 0.009863 0.001619 -0.000315 0.966468 -0.001520 0.008176 -0.005554 0.049267 0.000000 0.000000 0.000000 1.000000
-0.000635 0.005526 0.008310 0.000000 0.009863 0.001619 -0.000323 0.966645 -0.001524 0.008176 -0.005553 0.049532 0.000000 0.000000 0.000000 1.000000
-0.000633 0.005526 0.008310 0.000000 0.009863 0.001619 -0.000326 0.966709 -0.001526 0.008176 -0.005552 0.049626 0.000000 0.000000 0.000000 1.000000
-0.000635 0.005526 0.008310 0.000000 0.009863 0.001619 -0.000323 0.966653 -0.001524 0.008176 -0.005553 0.049543 0.000000 0.000000 0.000000 1.000000
-0.000641 0.005526 0.008310 0.000000 0.009863 0.001619 -0.000316 0.966497 -0.001520 0.008176 -0.005554 0.049311 0.000000 0.000000 0.000000 1.000000
-0.000650 0.005526 0.008309 0.000000 0.009863 0.001619 -0.000306 0.966257 -0.001514 0.008176 -0.005556 0.048952 0.000000 0.000000 0.000000 1.000000
-0.000662 0.005526 0.008308 0.000000 0.009864 0.001619 -0.000292 0.965946 -0.001507 0.008176 -0.005558 0.048489 0.000000 0.000000 0.000000 1.000000
-0.000675 0.005526 0.008307 0.000000 0.009864 0.001619 -0.000275 0.965582 -0.001497 0.008176 -0.005560 0.047945 0.000000 0.000000 0.000000 1.000000
-0.000691 0.005526 0.008306 0.000000 0.009865 0.001619 -0.000257 0.965179 -0.001487 0.008176 -0.005563 0.047344 0.000000 0.000000 0.000000 1.000000
-0.000707 0.005526 0.008304 0.000000 0.009865 0.001619 -0.000238 0.964753 -0.001476 0.008176 -0.005566 0.046709 0.000000 0.000000 0.000000 1.000000
-0.000723 0.005526 0.008303 0.000000 0.009866 0.001619 -0.000218 0.964319 -0.001465 0.008176 -0.005569 0.046061 0.000000 0.000000 0.000000 1.000000
-0.000739 0.005526 0.008302 0.000000 0.009866 0.001619 -0.000199 0.963893 -0.001454 0.008176 -0.005572 0.045426 0.000000 0.000000 0.000000 1.000000
-0.000755 0.005526 0.008300 0.000000 0.009866 0.001619 -0.000181 0.963490 -0.001444 0.008176 -0.005574 0.044824 0.000000 0.000000 0.000000 1.000000
-0.000768 0.005526 0.008299 0.000000 0.009867 0.001619 -0.000165 0.963125 -0.001435 0.008176 -0.005577 0.044281 0.000000 0.000000 0.000000 1.000000
-0.000780 0.005526 0.008298 0.000000 0.009867 0.001619 -0.000151 0.962815 -0.001427 0.008176 -0.005579 0.043818 0.000000 0.000000 0.000000 1.000000
-0.000789 0.005526 0.008297 0.000000 0.009867 0.001619 -0.000140 0.962574 -0.001421 0.008176 -0.005580 0.043459 0.000000 0.000000 0.000000 1.000000
-0.000795 0.005526 0.008297 0.000000 0.009867 0.001619 -0.000133 0.962418 -0.001417 0.008176 -0.005581 0.043226 0.000000 0.000000 0.000000 1.000000
-0.000797 0.005526 0.008296 0.000000 0.009867 0.001619 -0.000130 0.962363 -0.001416 0.008176 -0.005582 0.043144 0.000000 0.000000 0.000000 1.000000</float_array><technique_common><accessor source="#hip-Matrix-animation-output-transform-array" count="30" stride="16"><param type="float4x4"/></accessor></technique_common></source><source id="hip-Interpolations"><Name_array id="hip-Interpolations-array" count="30">
 LINEAR LINEAR LINEAR LINEAR LINEAR LINEAR LINEAR LINEAR LINEAR LINEAR LINEAR
LINEAR LINEAR LINEAR LINEAR LINEAR LINEAR LINEAR LINEAR LINEAR LINEAR LINEAR LINEAR
LINEAR LINEAR LINEAR LINEAR LINEAR LINEAR LINEAR</Name_array><technique_common><accessor source="#hip-Interpolations-array" count="30"><param type="name"/></accessor></technique_common></source><sampler id="hip-Matrix-animation-transform"><input semantic="INPUT" source="#hip-Matrix-animation-input"/><input semantic="OUTPUT" source="#hip-Matrix-animation-output-transform"/><input semantic="INTERPOLATION" source="#hip-Interpolations"/></sampler><channel source="#hip-Matrix-animation-transform" target="hip/matrix"/></animation><animation><source id="hip-visibility-animation-input"><float_array id="hip-visibility-animation-input-array" count="30">

0.041667 0.083333 0.125000 0.166667 0.208333 0.250000 0.291667 0.333333 0.375000 0.416667 0.458333 0.500000 0.541667 0.583333 0.625000 0.666667
0.708333 0.750000 0.791667 0.833333 0.875000 0.916667 0.958333 1.000000 1.041667 1.083333 1.125000 1.166667 1.208333 1.250000</float_array><technique_common><accessor source="#hip-visibility-animation-input-array" count="30"><param name="TIME" type="float"/></accessor></technique_common></source><source id="hip-visibility-animation-output"><float_array id="hip-visibility-animation-output-array" count="30">

1.000000 1.000000 1.000000 1.000000 1.000000 1.000000 1.000000 1.000000 1.000000 1.000000 1.000000 1.000000 1.000000 1.000000 1.000000 1.000000
1.000000 1.000000 1.000000 1.000000 1.000000 1.000000 1.000000 1.000000 1.000000 1.000000 1.000000 1.000000 1.000000 1.000000</float_array><technique_common><accessor source="#hip-visibility-animation-output-array" count="30"><param type="float"/></accessor></technique_common></source><source id="hip-visibility-animation-intan"><float_array id="hip-visibility-animation-intan-array" count="30">

0.000000 0.000000 0.000000 0.000000 0.000000 0.000000 0.000000 0.000000 0.000000 0.000000 0.000000 0.000000 0.000000 0.000000 0.000000 0.000000
0.000000 0.000000 0.000000 0.000000 0.000000 0.000000 0.000000 0.000000 0.000000 0.000000 0.000000 0.000000 0.000000 0.000000</float_array><technique_common><accessor source="#hip-visibility-animation-intan-array" count="30"><param type="float"/></accessor></technique_common></source><source id="hip-visibility-animation-outtan"><float_array id="hip-visibility-animation-outtan-array" count="30">

0.000000 0.000000 0.000000 0.000000 0.000000 0.000000 0.000000 0.000000 0.000000 0.000000 0.000000 0.000000 0.000000 0.000000 0.000000 0.000000
0.000000 0.000000 0.000000 0.000000 0.000000 0.000000 0.000000 0.000000 0.000000 0.000000 0.000000 0.000000 0.000000 0.000000</float_array><technique_common><accessor source="#hip-visibility-animation-outtan-array" count="30"><param type="float"/></accessor></technique_common></source><source id="hip-visibility-animation-interpolation"><Name_array id="hip-visibility-animation-interpolation-array" count="30">
 BEZIER BEZIER BEZIER BEZIER BEZIER BEZIER BEZIER BEZIER BEZIER BEZIER BEZIER
BEZIER BEZIER BEZIER BEZIER BEZIER BEZIER BEZIER BEZIER BEZIER BEZIER BEZIER BEZIER
BEZIER BEZIER BEZIER BEZIER BEZIER BEZIER BEZIER</Name_array><technique_common><accessor source="#hip-visibility-animation-interpolation-array" count="30"><param type="name"/></accessor></technique_common></source><sampler id="hip-visibility-animation"><input semantic="INPUT" source="#hip-visibility-animation-input"/><input semantic="OUTPUT" source="#hip-visibility-animation-output"/><input semantic="IN_TANGENT" source="#hip-visibility-animation-intan"/><input semantic="OUT_TANGENT" source="#hip-visibility-animation-outtan"/><input semantic="INTERPOLATION" source="#hip-visibility-animation-interpolation"/></sampler><channel source="#hip-visibility-animation" target="hip/visibility"/></animation></animation>
    <animation id="spine1-anim" name="spine1"><animation><source id="spine1-Matrix-animation-input"><float_array id="spine1-Matrix-animation-input-array" count="30">

0.041667 0.083333 0.125000 0.166667 0.208333 0.250000 0.291667 0.333333 0.375000 0.416667 0.458333 0.500000 0.541667 0.583333 0.625000 0.666667
0.708333 0.750000 0.791667 0.833333 0.875000 0.916667 0.958333 1.000000 1.041667 1.083333 1.125000 1.166667 1.208333 1.250000</float_array><technique_common><accessor source="#spine1-Matrix-animation-input-array" count="30"><param name="TIME" type="float"/></accessor></technique_common></source><source id="spine1-Matrix-animation-output-transform"><float_array id="spine1-Matrix-animation-output-transform-array" count="480">

0.994170 -0.107533 -0.007974 5.171586 0.107828 0.991447 0.073519 0.000000 0.000000 -0.073950 0.997262 0.000000 0.000000 0.000000 0.000000 1.000000
0.994170 -0.107533 -0.007974 5.171586 0.107828 0.991447 0.073519 0.000000 0.000000 -0.073950 0.997262 -0.000000 0.000000 0.000000 0.000000 1.000000
0.994170 -0.107533 -0.007974 5.171586 0.107828 0.991447 0.073519 0.000000 -0.000000 -0.073950 0.997262 0.000000 0.000000 0.000000 0.000000 1.000000
0.994170 -0.107533 -0.007974 5.171586 0.107828 0.991447 0.073519 0.000000 -0.000000 -0.073950 0.997262 0.000000 0.000000 0.000000 0.000000 1.000000
0.994170 -0.107533 -0.007974 5.171586 0.107828 0.991447 0.073519 0.000000 0.000000 -0.073950 0.997262 0.000000 0.000000 0.000000 0.000000 1.000000
0.994170 -0.107533 -0.007974 5.171586 0.107828 0.991447 0.073519 0.000000 -0.000000 -0.073950 0.997262 0.000000 0.000000 0.000000 0.000000 1.000000
0.994170 -0.107533 -0.007974 5.171586 0.107828 0.991447 0.073519 0.000000 0.000000 -0.073950 0.997262 0.000000 0.000000 0.000000 0.000000 1.000000
0.994170 -0.107533 -0.007974 5.171586 0.107828 0.991447 0.073519 0.000000 0.000000 -0.073950 0.997262 0.000000 0.000000 0.000000 0.000000 1.000000
0.994170 -0.107533 -0.007974 5.171586 0.107828 0.991447 0.073519 0.000000 -0.000000 -0.073950 0.997262 0.000000 0.000000 0.000000 0.000000 1.000000
0.994170 -0.107533 -0.007974 5.171586 0.107828 0.991447 0.073519 0.000000 0.000000 -0.073950 0.997262 0.000000 0.000000 0.000000 0.000000 1.000000
0.994170 -0.107533 -0.007974 5.171586 0.107828 0.991447 0.073519 0.000000 0.000000 -0.073950 0.997262 -0.000000 0.000000 0.000000 0.000000 1.000000
0.994170 -0.107533 -0.007974 5.171586 0.107828 0.991447 0.073519 0.000000 -0.000000 -0.073950 0.997262 0.000000 0.000000 0.000000 0.000000 1.000000
0.994170 -0.107533 -0.007974 5.171586 0.107828 0.991447 0.073519 0.000000 -0.000000 -0.073950 0.997262 0.000000 0.000000 0.000000 0.000000 1.000000
0.994170 -0.107533 -0.007974 5.171586 0.107828 0.991447 0.073519 0.000000 0.000000 -0.073950 0.997262 0.000000 0.000000 0.000000 0.000000 1.000000
0.994170 -0.107533 -0.007974 5.171586 0.107828 0.991447 0.073519 0.000000 -0.000000 -0.073950 0.997262 0.000000 0.000000 0.000000 0.000000 1.000000
0.994170 -0.107533 -0.007974 5.171586 0.107828 0.991447 0.073519 0.000000 -0.000000 -0.073950 0.997262 0.000000 0.000000 0.000000 0.000000 1.000000
0.994170 -0.107533 -0.007974 5.171586 0.107828 0.991447 0.073519 0.000000 0.000000 -0.073950 0.997262 0.000000 0.000000 0.000000 0.000000 1.000000
0.994170 -0.107533 -0.007974 5.171586 0.107828 0.991447 0.073519 0.000000 0.000000 -0.073950 0.997262 0.000000 0.000000 0.000000 0.000000 1.000000
0.994170 -0.107533 -0.007974 5.171586 0.107828 0.991447 0.073519 0.000000 -0.000000 -0.073950 0.997262 0.000000 0.000000 0.000000 0.000000 1.000000
0.994170 -0.107533 -0.007974 5.171586 0.107828 0.991447 0.073519 0.000000 0.000000 -0.073950 0.997262 0.000000 0.000000 0.000000 0.000000 1.000000
0.994170 -0.107533 -0.007974 5.171586 0.107828 0.991447 0.073519 0.000000 0.000000 -0.073950 0.997262 0.000000 0.000000 0.000000 0.000000 1.000000
0.994170 -0.107533 -0.007974 5.171586 0.107828 0.991447 0.073519 0.000000 0.000000 -0.073950 0.997262 0.000000 0.000000 0.000000 0.000000 1.000000
0.994170 -0.107533 -0.007974 5.171586 0.107828 0.991447 0.073519 0.000000 0.000000 -0.073950 0.997262 0.000000 0.000000 0.000000 0.000000 1.000000
0.994170 -0.107533 -0.007974 5.171586 0.107828 0.991447 0.073519 0.000000 0.000000 -0.073950 0.997262 -0.000000 0.000000 0.000000 0.000000 1.000000
0.994170 -0.107533 -0.007974 5.171586 0.107828 0.991447 0.073519 0.000000 0.000000 -0.073950 0.997262 0.000000 0.000000 0.000000 0.000000 1.000000
0.994170 -0.107533 -0.007974 5.171586 0.107828 0.991447 0.073519 0.000000 -0.000000 -0.073950 0.997262 0.000000 0.000000 0.000000 0.000000 1.000000
0.994170 -0.107533 -0.007974 5.171586 0.107828 0.991447 0.073519 0.000000 0.000000 -0.073950 0.997262 0.000000 0.000000 0.000000 0.000000 1.000000
0.994170 -0.107533 -0.007974 5.171586 0.107828 0.991447 0.073519 0.000000 -0.000000 -0.073950 0.997262 0.000000 0.000000 0.000000 0.000000 1.000000
0.994170 -0.107533 -0.007974 5.171586 0.107828 0.991447 0.073519 0.000000 0.000000 -0.073950 0.997262 0.000000 0.000000 0.000000 0.000000 1.000000
0.994170 -0.107533 -0.007974 5.171586 0.107828 0.991447 0.073519 0.000000 0.000000 -0.073950 0.997262 0.000000 0.000000 0.000000 0.000000 1.000000</float_array><technique_common><accessor source="#spine1-Matrix-animation-output-transform-array" count="30" stride="16"><param type="float4x4"/></accessor></technique_common></source><source id="spine1-Interpolations"><Name_array id="spine1-Interpolations-array" count="30">
 LINEAR LINEAR LINEAR LINEAR LINEAR LINEAR LINEAR LINEAR LINEAR LINEAR LINEAR
LINEAR LINEAR LINEAR LINEAR LINEAR LINEAR LINEAR LINEAR LINEAR LINEAR LINEAR LINEAR
LINEAR LINEAR LINEAR LINEAR LINEAR LINEAR LINEAR</Name_array><technique_common><accessor source="#spine1-Interpolations-array" count="30"><param type="name"/></accessor></technique_common></source><sampler id="spine1-Matrix-animation-transform"><input semantic="INPUT" source="#spine1-Matrix-animation-input"/><input semantic="OUTPUT" source="#spine1-Matrix-animation-output-transform"/><input semantic="INTERPOLATION" source="#spine1-Interpolations"/></sampler><channel source="#spine1-Matrix-animation-transform" target="spine1/matrix"/></animation><animation><source id="spine1-visibility-animation-input"><float_array id="spine1-visibility-animation-input-array" count="30">

0.041667 0.083333 0.125000 0.166667 0.208333 0.250000 0.291667 0.333333 0.375000 0.416667 0.458333 0.500000 0.541667 0.583333 0.625000 0.666667
0.708333 0.750000 0.791667 0.833333 0.875000 0.916667 0.958333 1.000000 1.041667 1.083333 1.125000 1.166667 1.208333 1.250000</float_array><technique_common><accessor source="#spine1-visibility-animation-input-array" count="30"><param name="TIME" type="float"/></accessor></technique_common></source><source id="spine1-visibility-animation-output"><float_array id="spine1-visibility-animation-output-array" count="30">

1.000000 1.000000 1.000000 1.000000 1.000000 1.000000 1.000000 1.000000 1.000000 1.000000 1.000000 1.000000 1.000000 1.000000 1.000000 1.000000
1.000000 1.000000 1.000000 1.000000 1.000000 1.000000 1.000000 1.000000 1.000000 1.000000 1.000000 1.000000 1.000000 1.000000</float_array><technique_common><accessor source="#spine1-visibility-animation-output-array" count="30"><param type="float"/></accessor></technique_common></source><source id="spine1-visibility-animation-intan"><float_array id="spine1-visibility-animation-intan-array" count="30">

0.000000 0.000000 0.000000 0.000000 0.000000 0.000000 0.000000 0.000000 0.000000 0.000000 0.000000 0.000000 0.000000 0.000000 0.000000 0.000000
0.000000 0.000000 0.000000 0.000000 0.000000 0.000000 0.000000 0.000000 0.000000 0.000000 0.000000 0.000000 0.000000 0.000000</float_array><technique_common><accessor source="#spine1-visibility-animation-intan-array" count="30"><param type="float"/></accessor></technique_common></source><source id="spine1-visibility-animation-outtan"><float_array id="spine1-visibility-animation-outtan-array" count="30">

0.000000 0.000000 0.000000 0.000000 0.000000 0.000000 0.000000 0.000000 0.000000 0.000000 0.000000 0.000000 0.000000 0.000000 0.000000 0.000000
0.000000 0.000000 0.000000 0.000000 0.000000 0.000000 0.000000 0.000000 0.000000 0.000000 0.000000 0.000000 0.000000 0.000000</float_array><technique_common><accessor source="#spine1-visibility-animation-outtan-array" count="30"><param type="float"/></accessor></technique_common></source><source id="spine1-visibility-animation-interpolation"><Name_array id="spine1-visibility-animation-interpolation-array" count="30">
 BEZIER BEZIER BEZIER BEZIER BEZIER BEZIER BEZIER BEZIER BEZIER BEZIER BEZIER
BEZIER BEZIER BEZIER BEZIER BEZIER BEZIER BEZIER BEZIER BEZIER BEZIER BEZIER BEZIER
BEZIER BEZIER BEZIER BEZIER BEZIER BEZIER BEZIER</Name_array><technique_common><accessor source="#spine1-visibility-animation-interpolation-array" count="30"><param type="name"/></accessor></technique_common></source><sampler id="spine1-visibility-animation"><input semantic="INPUT" source="#spine1-visibility-animation-input"/><input semantic="OUTPUT" source="#spine1-visibility-animation-output"/><input semantic="IN_TANGENT" source="#spine1-visibility-animation-intan"/><input semantic="OUT_TANGENT" source="#spine1-visibility-animation-outtan"/><input semantic="INTERPOLATION" source="#spine1-visibility-animation-interpolation"/></sampler><channel source="#spine1-visibility-animation" target="spine1/visibility"/></animation></animation>
    <animation id="spine2-anim" name="spine2"><animation><source id="spine2-Matrix-animation-input"><float_array id="spine2-Matrix-animation-input-array" count="30">

0.041667 0.083333 0.125000 0.166667 0.208333 0.250000 0.291667 0.333333 0.375000 0.416667 0.458333 0.500000 0.541667 0.583333 0.625000 0.666667
0.708333 0.750000 0.791667 0.833333 0.875000 0.916667 0.958333 1.000000 1.041667 1.083333 1.125000 1.166667 1.208333 1.250000</float_array><technique_common><accessor source="#spine2-Matrix-animation-input-array" count="30"><param name="TIME" type="float"/></accessor></technique_common></source><source id="spine2-Matrix-animation-output-transform"><float_array id="spine2-Matrix-animation-output-transform-array" count="480">

1.000000 0.000000 -0.000000 5.171586 0.000000 0.997262 0.073950 -0.000000 -0.000000 -0.073950 0.997262 0.000000 0.000000 0.000000 0.000000 1.000000
0.999999 0.001289 0.000096 5.171586 -0.001293 0.997261 0.073950 -0.000000 0.000000 -0.073950 0.997262 0.000000 0.000000 0.000000 0.000000 1.000000
0.999990 0.004513 0.000335 5.171586 -0.004525 0.997252 0.073949 -0.000000 -0.000000 -0.073950 0.997262 0.000000 0.000000 0.000000 0.000000 1.000000
0.999962 0.008703 0.000645 5.171586 -0.008727 0.997224 0.073947 -0.000000 0.000000 -0.073950 0.997262 0.000000 0.000000 0.000000 0.000000 1.000000
0.999916 0.012893 0.000956 5.171586 -0.012928 0.997179 0.073943 -0.000000 0.000000 -0.073950 0.997262 0.000000 0.000000 0.000000 0.000000 1.000000
0.999869 0.016116 0.001195 5.171586 -0.016160 0.997132 0.073940 -0.000000 -0.000000 -0.073950 0.997262 0.000000 0.000000 0.000000 0.000000 1.000000
0.999848 0.017405 0.001291 5.171586 -0.017452 0.997110 0.073938 -0.000000 -0.000000 -0.073950 0.997262 0.000000 0.000000 0.000000 0.000000 1.000000
0.999854 0.017014 0.001262 5.171586 -0.017060 0.997117 0.073939 -0.000000 0.000000 -0.073950 0.997262 0.000000 0.000000 0.000000 0.000000 1.000000
0.999873 0.015909 0.001180 5.171586 -0.015953 0.997135 0.073940 -0.000000 -0.000000 -0.073950 0.997262 0.000000 0.000000 0.000000 0.000000 1.000000
0.999899 0.014192 0.001052 5.171586 -0.014231 0.997161 0.073942 -0.000000 0.000000 -0.073950 0.997262 0.000000 0.000000 0.000000 0.000000 1.000000
0.999928 0.011966 0.000887 5.171586 -0.011999 0.997190 0.073944 -0.000000 0.000000 -0.073950 0.997262 0.000000 0.000000 0.000000 0.000000 1.000000
0.999956 0.009332 0.000692 5.171586 -0.009357 0.997218 0.073946 -0.000000 0.000000 -0.073950 0.997262 0.000000 0.000000 0.000000 0.000000 1.000000
0.999979 0.006391 0.000474 5.171586 -0.006409 0.997241 0.073948 -0.000000 0.000000 -0.073950 0.997262 0.000000 0.000000 0.000000 0.000000 1.000000
0.999995 0.003247 0.000241 5.171586 -0.003255 0.997257 0.073949 -0.000000 0.000000 -0.073950 0.997262 0.000000 0.000000 0.000000 0.000000 1.000000
1.000000 0.000000 -0.000000 5.171586 0.000000 0.997262 0.073950 -0.000000 0.000000 -0.073950 0.997262 0.000000 0.000000 0.000000 0.000000 1.000000
0.999995 -0.003247 -0.000241 5.171586 0.003255 0.997257 0.073949 -0.000000 0.000000 -0.073950 0.997262 0.000000 0.000000 0.000000 0.000000 1.000000
0.999979 -0.006391 -0.000474 5.171586 0.006409 0.997241 0.073948 -0.000000 0.000000 -0.073950 0.997262 0.000000 0.000000 0.000000 0.000000 1.000000
0.999956 -0.009332 -0.000692 5.171586 0.009357 0.997218 0.073946 -0.000000 0.000000 -0.073950 0.997262 0.000000 0.000000 0.000000 0.000000 1.000000
0.999928 -0.011966 -0.000887 5.171586 0.011999 0.997190 0.073944 -0.000000 0.000000 -0.073950 0.997262 -0.000000 0.000000 0.000000 0.000000 1.000000
0.999899 -0.014192 -0.001052 5.171586 0.014231 0.997161 0.073942 -0.000000 0.000000 -0.073950 0.997262 0.000000 0.000000 0.000000 0.000000 1.000000
0.999873 -0.015909 -0.001180 5.171586 0.015953 0.997135 0.073940 -0.000000 0.000000 -0.073950 0.997262 0.000000 0.000000 0.000000 0.000000 1.000000
0.999854 -0.017014 -0.001262 5.171586 0.017060 0.997117 0.073939 -0.000000 0.000000 -0.073950 0.997262 0.000000 0.000000 0.000000 0.000000 1.000000
0.999848 -0.017405 -0.001291 5.171586 0.017452 0.997110 0.073938 -0.000000 0.000000 -0.073950 0.997262 0.000000 0.000000 0.000000 0.000000 1.000000
0.999864 -0.016441 -0.001219 5.171586 0.016486 0.997126 0.073940 -0.000000 0.000000 -0.073950 0.997262 0.000000 0.000000 0.000000 0.000000 1.000000
0.999902 -0.013954 -0.001035 5.171586 0.013993 0.997164 0.073942 -0.000000 0.000000 -0.073950 0.997262 0.000000 0.000000 0.000000 0.000000 1.000000
0.999944 -0.010555 -0.000783 5.171586 0.010584 0.997206 0.073946 -0.000000 -0.000000 -0.073950 0.997262 0.000000 0.000000 0.000000 0.000000 1.000000
0.999976 -0.006851 -0.000508 5.171586 0.006869 0.997238 0.073948 -0.000000 -0.000000 -0.073950 0.997262 -0.000000 0.000000 0.000000 0.000000 1.000000
0.999994 -0.003451 -0.000256 5.171586 0.003460 0.997256 0.073949 -0.000000 0.000000 -0.073950 0.997262 0.000000 0.000000 0.000000 0.000000 1.000000
1.000000 -0.000964 -0.000071 5.171586 0.000967 0.997262 0.073950 -0.000000 -0.000000 -0.073950 0.997262 0.000000 0.000000 0.000000 0.000000 1.000000
1.000000 0.000000 -0.000000 5.171586 0.000000 0.997262 0.073950 -0.000000 -0.000000 -0.073950 0.997262 0.000000 0.000000 0.000000 0.000000 1.000000</float_array><technique_common><accessor source="#spine2-Matrix-animation-output-transform-array" count="30" stride="16"><param type="float4x4"/></accessor></technique_common></source><source id="spine2-Interpolations"><Name_array id="spine2-Interpolations-array" count="30">
 LINEAR LINEAR LINEAR LINEAR LINEAR LINEAR LINEAR LINEAR LINEAR LINEAR LINEAR
LINEAR LINEAR LINEAR LINEAR LINEAR LINEAR LINEAR LINEAR LINEAR LINEAR LINEAR LINEAR
LINEAR LINEAR LINEAR LINEAR LINEAR LINEAR LINEAR</Name_array><technique_common><accessor source="#spine2-Interpolations-array" count="30"><param type="name"/></accessor></technique_common></source><sampler id="spine2-Matrix-animation-transform"><input semantic="INPUT" source="#spine2-Matrix-animation-input"/><input semantic="OUTPUT" source="#spine2-Matrix-animation-output-transform"/><input semantic="INTERPOLATION" source="#spine2-Interpolations"/></sampler><channel source="#spine2-Matrix-animation-transform" target="spine2/matrix"/></animation><animation><source id="spine2-visibility-animation-input"><float_array id="spine2-visibility-animation-input-array" count="30">

0.041667 0.083333 0.125000 0.166667 0.208333 0.250000 0.291667 0.333333 0.375000 0.416667 0.458333 0.500000 0.541667 0.583333 0.625000 0.666667
0.708333 0.750000 0.791667 0.833333 0.875000 0.916667 0.958333 1.000000 1.041667 1.083333 1.125000 1.166667 1.208333 1.250000</float_array><technique_common><accessor source="#spine2-visibility-animation-input-array" count="30"><param name="TIME" type="float"/></accessor></technique_common></source><source id="spine2-visibility-animation-output"><float_array id="spine2-visibility-animation-output-array" count="30">

1.000000 1.000000 1.000000 1.000000 1.000000 1.000000 1.000000 1.000000 1.000000 1.000000 1.000000 1.000000 1.000000 1.000000 1.000000 1.000000
1.000000 1.000000 1.000000 1.000000 1.000000 1.000000 1.000000 1.000000 1.000000 1.000000 1.000000 1.000000 1.000000 1.000000</float_array><technique_common><accessor source="#spine2-visibility-animation-output-array" count="30"><param type="float"/></accessor></technique_common></source><source id="spine2-visibility-animation-intan"><float_array id="spine2-visibility-animation-intan-array" count="30">

0.000000 0.000000 0.000000 0.000000 0.000000 0.000000 0.000000 0.000000 0.000000 0.000000 0.000000 0.000000 0.000000 0.000000 0.000000 0.000000
0.000000 0.000000 0.000000 0.000000 0.000000 0.000000 0.000000 0.000000 0.000000 0.000000 0.000000 0.000000 0.000000 0.000000</float_array><technique_common><accessor source="#spine2-visibility-animation-intan-array" count="30"><param type="float"/></accessor></technique_common></source><source id="spine2-visibility-animation-outtan"><float_array id="spine2-visibility-animation-outtan-array" count="30">

0.000000 0.000000 0.000000 0.000000 0.000000 0.000000 0.000000 0.000000 0.000000 0.000000 0.000000 0.000000 0.000000 0.000000 0.000000 0.000000
0.000000 0.000000 0.000000 0.000000 0.000000 0.000000 0.000000 0.000000 0.000000 0.000000 0.000000 0.000000 0.000000 0.000000</float_array><technique_common><accessor source="#spine2-visibility-animation-outtan-array" count="30"><param type="float"/></accessor></technique_common></source><source id="spine2-visibility-animation-interpolation"><Name_array id="spine2-visibility-animation-interpolation-array" count="30">
 BEZIER BEZIER BEZIER BEZIER BEZIER BEZIER BEZIER BEZIER BEZIER BEZIER BEZIER
BEZIER BEZIER BEZIER BEZIER BEZIER BEZIER BEZIER BEZIER BEZIER BEZIER BEZIER BEZIER
BEZIER BEZIER BEZIER BEZIER BEZIER BEZIER BEZIER</Name_array><technique_common><accessor source="#spine2-visibility-animation-interpolation-array" count="30"><param type="name"/></accessor></technique_common></source><sampler id="spine2-visibility-animation"><input semantic="INPUT" source="#spine2-visibility-animation-input"/><input semantic="OUTPUT" source="#spine2-visibility-animation-output"/><input semantic="IN_TANGENT" source="#spine2-visibility-animation-intan"/><input semantic="OUT_TANGENT" source="#spine2-visibility-animation-outtan"/><input semantic="INTERPOLATION" source="#spine2-visibility-animation-interpolation"/></sampler><channel source="#spine2-visibility-animation" target="spine2/visibility"/></animation></animation>
    <animation id="spine3-anim" name="spine3"><animation><source id="spine3-Matrix-animation-input"><float_array id="spine3-Matrix-animation-input-array" count="30">

0.041667 0.083333 0.125000 0.166667 0.208333 0.250000 0.291667 0.333333 0.375000 0.416667 0.458333 0.500000 0.541667 0.583333 0.625000 0.666667
0.708333 0.750000 0.791667 0.833333 0.875000 0.916667 0.958333 1.000000 1.041667 1.083333 1.125000 1.166667 1.208333 1.250000</float_array><technique_common><accessor source="#spine3-Matrix-animation-input-array" count="30"><param name="TIME" type="float"/></accessor></technique_common></source><source id="spine3-Matrix-animation-output-transform"><float_array id="spine3-Matrix-animation-output-transform-array" count="480">

1.000000 0.000000 -0.000000 5.171586 0.000000 0.997262 0.073950 0.000000 0.000000 -0.073950 0.997262 0.000000 0.000000 0.000000 0.000000 1.000000
0.999992 -0.003868 -0.000287 5.171586 0.003879 0.997254 0.073949 0.000000 0.000000 -0.073950 0.997262 0.000000 0.000000 0.000000 0.000000 1.000000
0.999908 -0.013537 -0.001004 5.171586 0.013574 0.997170 0.073943 0.000000 0.000000 -0.073950 0.997262 0.000000 0.000000 0.000000 0.000000 1.000000
0.999657 -0.026105 -0.001936 5.171586 0.026177 0.996920 0.073924 0.000000 0.000000 -0.073950 0.997262 0.000000 0.000000 0.000000 0.000000 1.000000
0.999248 -0.038669 -0.002867 5.171586 0.038775 0.996512 0.073894 0.000000 -0.000000 -0.073950 0.997262 0.000000 0.000000 0.000000 0.000000 1.000000
0.998825 -0.048330 -0.003584 5.171586 0.048462 0.996090 0.073863 0.000000 0.000000 -0.073950 0.997262 0.000000 0.000000 0.000000 0.000000 1.000000
0.998630 -0.052193 -0.003870 5.171586 0.052336 0.995895 0.073848 0.000000 -0.000000 -0.073950 0.997262 0.000000 0.000000 0.000000 0.000000 1.000000
0.998690 -0.051021 -0.003783 5.171586 0.051161 0.995956 0.073853 0.000000 -0.000000 -0.073950 0.997262 0.000000 0.000000 0.000000 0.000000 1.000000
0.998855 -0.047711 -0.003538 5.171586 0.047842 0.996120 0.073865 0.000000 0.000000 -0.073950 0.997262 0.000000 0.000000 0.000000 0.000000 1.000000
0.999089 -0.042566 -0.003156 5.171586 0.042683 0.996353 0.073882 0.000000 -0.000000 -0.073950 0.997262 0.000000 0.000000 0.000000 0.000000 1.000000
0.999352 -0.035891 -0.002661 5.171586 0.035990 0.996616 0.073902 0.000000 0.000000 -0.073950 0.997262 0.000000 0.000000 0.000000 0.000000 1.000000
0.999606 -0.027991 -0.002076 5.171586 0.028068 0.996869 0.073921 0.000000 0.000000 -0.073950 0.997262 0.000000 0.000000 0.000000 0.000000 1.000000
0.999815 -0.019172 -0.001422 5.171586 0.019225 0.997078 0.073936 0.000000 -0.000000 -0.073950 0.997262 0.000000 0.000000 0.000000 0.000000 1.000000
0.999952 -0.009739 -0.000722 5.171586 0.009766 0.997214 0.073946 0.000000 0.000000 -0.073950 0.997262 0.000000 0.000000 0.000000 0.000000 1.000000
1.000000 0.000000 -0.000000 5.171586 -0.000000 0.997262 0.073950 0.000000 0.000000 -0.073950 0.997262 0.000000 0.000000 0.000000 0.000000 1.000000
0.999952 0.009739 0.000722 5.171586 -0.009766 0.997214 0.073946 0.000000 -0.000000 -0.073950 0.997262 0.000000 0.000000 0.000000 0.000000 1.000000
0.999815 0.019172 0.001422 5.171586 -0.019225 0.997078 0.073936 0.000000 0.000000 -0.073950 0.997262 0.000000 0.000000 0.000000 0.000000 1.000000
0.999606 0.027991 0.002076 5.171586 -0.028068 0.996869 0.073921 0.000000 0.000000 -0.073950 0.997262 0.000000 0.000000 0.000000 0.000000 1.000000
0.999352 0.035891 0.002661 5.171586 -0.035990 0.996616 0.073902 0.000000 -0.000000 -0.073950 0.997262 0.000000 0.000000 0.000000 0.000000 1.000000
0.999089 0.042566 0.003156 5.171586 -0.042683 0.996353 0.073882 0.000000 -0.000000 -0.073950 0.997262 0.000000 0.000000 0.000000 0.000000 1.000000
0.998855 0.047711 0.003538 5.171586 -0.047842 0.996120 0.073865 0.000000 0.000000 -0.073950 0.997262 0.000000 0.000000 0.000000 0.000000 1.000000
0.998690 0.051021 0.003783 5.171586 -0.051161 0.995956 0.073853 0.000000 -0.000000 -0.073950 0.997262 0.000000 0.000000 0.000000 0.000000 1.000000
0.998630 0.052193 0.003870 5.171586 -0.052336 0.995895 0.073848 0.000000 -0.000000 -0.073950 0.997262 0.000000 0.000000 0.000000 0.000000 1.000000
0.998777 0.049304 0.003656 5.171586 -0.049439 0.996042 0.073859 0.000000 0.000000 -0.073950 0.997262 0.000000 0.000000 0.000000 0.000000 1.000000
0.999119 0.041852 0.003103 5.171586 -0.041967 0.996383 0.073885 0.000000 -0.000000 -0.073950 0.997262 0.000000 0.000000 0.000000 0.000000 1.000000
0.999496 0.031659 0.002348 5.171586 -0.031746 0.996759 0.073912 0.000000 -0.000000 -0.073950 0.997262 0.000000 0.000000 0.000000 0.000000 1.000000
0.999788 0.020550 0.001524 5.171586 -0.020607 0.997050 0.073934 0.000000 0.000000 -0.073950 0.997262 0.000000 0.000000 0.000000 0.000000 1.000000
0.999946 0.010352 0.000768 5.171586 -0.010380 0.997208 0.073946 0.000000 0.000000 -0.073950 0.997262 0.000000 0.000000 0.000000 0.000000 1.000000
0.999996 0.002892 0.000214 5.171586 -0.002900 0.997258 0.073949 0.000000 0.000000 -0.073950 0.997262 0.000000 0.000000 0.000000 0.000000 1.000000
1.000000 0.000000 -0.000000 5.171586 0.000000 0.997262 0.073950 0.000000 0.000000 -0.073950 0.997262 0.000000 0.000000 0.000000 0.000000 1.000000</float_array><technique_common><accessor source="#spine3-Matrix-animation-output-transform-array" count="30" stride="16"><param type="float4x4"/></accessor></technique_common></source><source id="spine3-Interpolations"><Name_array id="spine3-Interpolations-array" count="30">
 LINEAR LINEAR LINEAR LINEAR LINEAR LINEAR LINEAR LINEAR LINEAR LINEAR LINEAR
LINEAR LINEAR LINEAR LINEAR LINEAR LINEAR LINEAR LINEAR LINEAR LINEAR LINEAR LINEAR
LINEAR LINEAR LINEAR LINEAR LINEAR LINEAR LINEAR</Name_array><technique_common><accessor source="#spine3-Interpolations-array" count="30"><param type="name"/></accessor></technique_common></source><sampler id="spine3-Matrix-animation-transform"><input semantic="INPUT" source="#spine3-Matrix-animation-input"/><input semantic="OUTPUT" source="#spine3-Matrix-animation-output-transform"/><input semantic="INTERPOLATION" source="#spine3-Interpolations"/></sampler><channel source="#spine3-Matrix-animation-transform" target="spine3/matrix"/></animation><animation><source id="spine3-visibility-animation-input"><float_array id="spine3-visibility-animation-input-array" count="30">

0.041667 0.083333 0.125000 0.166667 0.208333 0.250000 0.291667 0.333333 0.375000 0.416667 0.458333 0.500000 0.541667 0.583333 0.625000 0.666667
0.708333 0.750000 0.791667 0.833333 0.875000 0.916667 0.958333 1.000000 1.041667 1.083333 1.125000 1.166667 1.208333 1.250000</float_array><technique_common><accessor source="#spine3-visibility-animation-input-array" count="30"><param name="TIME" type="float"/></accessor></technique_common></source><source id="spine3-visibility-animation-output"><float_array id="spine3-visibility-animation-output-array" count="30">

1.000000 1.000000 1.000000 1.000000 1.000000 1.000000 1.000000 1.000000 1.000000 1.000000 1.000000 1.000000 1.000000 1.000000 1.000000 1.000000
1.000000 1.000000 1.000000 1.000000 1.000000 1.000000 1.000000 1.000000 1.000000 1.000000 1.000000 1.000000 1.000000 1.000000</float_array><technique_common><accessor source="#spine3-visibility-animation-output-array" count="30"><param type="float"/></accessor></technique_common></source><source id="spine3-visibility-animation-intan"><float_array id="spine3-visibility-animation-intan-array" count="30">

0.000000 0.000000 0.000000 0.000000 0.000000 0.000000 0.000000 0.000000 0.000000 0.000000 0.000000 0.000000 0.000000 0.000000 0.000000 0.000000
0.000000 0.000000 0.000000 0.000000 0.000000 0.000000 0.000000 0.000000 0.000000 0.000000 0.000000 0.000000 0.000000 0.000000</float_array><technique_common><accessor source="#spine3-visibility-animation-intan-array" count="30"><param type="float"/></accessor></technique_common></source><source id="spine3-visibility-animation-outtan"><float_array id="spine3-visibility-animation-outtan-array" count="30">

0.000000 0.000000 0.000000 0.000000 0.000000 0.000000 0.000000 0.000000 0.000000 0.000000 0.000000 0.000000 0.000000 0.000000 0.000000 0.000000
0.000000 0.000000 0.000000 0.000000 0.000000 0.000000 0.000000 0.000000 0.000000 0.000000 0.000000 0.000000 0.000000 0.000000</float_array><technique_common><accessor source="#spine3-visibility-animation-outtan-array" count="30"><param type="float"/></accessor></technique_common></source><source id="spine3-visibility-animation-interpolation"><Name_array id="spine3-visibility-animation-interpolation-array" count="30">
 BEZIER BEZIER BEZIER BEZIER BEZIER BEZIER BEZIER BEZIER BEZIER BEZIER BEZIER
BEZIER BEZIER BEZIER BEZIER BEZIER BEZIER BEZIER BEZIER BEZIER BEZIER BEZIER BEZIER
BEZIER BEZIER BEZIER BEZIER BEZIER BEZIER BEZIER</Name_array><technique_common><accessor source="#spine3-visibility-animation-interpolation-array" count="30"><param type="name"/></accessor></technique_common></source><sampler id="spine3-visibility-animation"><input semantic="INPUT" source="#spine3-visibility-animation-input"/><input semantic="OUTPUT" source="#spine3-visibility-animation-output"/><input semantic="IN_TANGENT" source="#spine3-visibility-animation-intan"/><input semantic="OUT_TANGENT" source="#spine3-visibility-animation-outtan"/><input semantic="INTERPOLATION" source="#spine3-visibility-animation-interpolation"/></sampler><channel source="#spine3-visibility-animation" target="spine3/visibility"/></animation></animation>
    <animation id="chest-anim" name="chest"><animation><source id="chest-Matrix-animation-input"><float_array id="chest-Matrix-animation-input-array" count="30">

0.041667 0.083333 0.125000 0.166667 0.208333 0.250000 0.291667 0.333333 0.375000 0.416667 0.458333 0.500000 0.541667 0.583333 0.625000 0.666667
0.708333 0.750000 0.791667 0.833333 0.875000 0.916667 0.958333 1.000000 1.041667 1.083333 1.125000 1.166667 1.208333 1.250000</float_array><technique_common><accessor source="#chest-Matrix-animation-input-array" count="30"><param name="TIME" type="float"/></accessor></technique_common></source><source id="chest-Matrix-animation-output-transform"><float_array id="chest-Matrix-animation-output-transform-array" count="480">

0.999901 -0.014048 -0.001042 5.171586 0.014086 0.997163 0.073942 -0.000000 0.000000 -0.073950 0.997262 0.000000 0.000000 0.000000 0.000000 1.000000
0.999948 -0.010180 -0.000755 5.171586 0.010208 0.997210 0.073946 -0.000000 -0.000000 -0.073950 0.997262 0.000000 0.000000 0.000000 0.000000 1.000000
1.000000 -0.000510 -0.000038 5.171586 0.000512 0.997262 0.073950 -0.000000 -0.000000 -0.073950 0.997262 0.000000 0.000000 0.000000 0.000000 1.000000
0.999927 0.012060 0.000894 5.171586 -0.012093 0.997189 0.073944 -0.000000 -0.000000 -0.073950 0.997262 0.000000 0.000000 0.000000 0.000000 1.000000
0.999695 0.024628 0.001826 5.171586 -0.024696 0.996958 0.073927 -0.000000 -0.000000 -0.073950 0.997262 0.000000 0.000000 0.000000 0.000000 1.000000
0.999409 0.034294 0.002543 5.171586 -0.034388 0.996672 0.073906 -0.000000 0.000000 -0.073950 0.997262 0.000000 0.000000 0.000000 0.000000 1.000000
0.999268 0.038159 0.002830 5.171586 -0.038264 0.996532 0.073896 -0.000000 0.000000 -0.073950 0.997262 0.000000 0.000000 0.000000 0.000000 1.000000
0.999312 0.036987 0.002743 5.171586 -0.037089 0.996576 0.073899 -0.000000 0.000000 -0.073950 0.997262 0.000000 0.000000 0.000000 0.000000 1.000000
